This GENEPOP input file was generated by GeneMapperConvert.  Yeah!
A101
A104
A105
A109
A111
A119
A2
C101
CA40-2
CA40-3
D1
D109
D115
D12
D2
Taga27
POP
ABVY100-46	,	119119	166170	194194	333347	178178	113113	219219	330330	172174	204208	184184	468472	206210	186186	298298	200214
ABVY101-54	,	000000	170174	194194	333343	180180	105111	217219	312324	171174	198198	184184	472472	190198	186198	298298	218218
ABVY102-62	,	119133	170170	194198	329343	180180	113115	219223	312324	172176	200208	184184	468468	202202	186186	302306	218218
ABVY103-11	,	119119	170174	194198	331333	178180	111117	217219	312330	171174	204204	184184	468468	190194	186186	298298	218222
ABVY104-43	,	119119	168170	196198	331331	178180	111113	219219	330330	172176	200208	184184	468472	198202	186202	294298	214218
ABVY105-55	,	000000	166172	194194	331343	178178	113113	217219	322330	169172	200204	184184	472472	194198	186186	302306	218222
ABVY106-9	,	137137	166174	194194	329333	178180	113113	219219	312322	174174	198208	184184	472472	190198	186202	294302	200222
ABVY107-67	,	133133	170170	194194	331361	180180	113113	217219	312330	171171	200208	184184	468468	190194	186186	298302	218218
ABVY108-66	,	000000	162170	194194	333343	178180	113115	219219	322330	171174	198202	184184	472472	206206	186186	298298	218222
ABVY110-48	,	119137	168170	194198	331333	178180	113117	219219	322322	172176	200200	184184	468468	202206	186186	294298	200218
ABVY112-45	,	133133	168168	194194	343343	178180	000000	219219	312330	174174	200208	184184	000000	198202	186202	298302	218222
ABVY114-51	,	000000	166170	194194	329331	178180	117117	217219	316322	172174	200204	184184	468468	198206	186186	294306	218222
ABVY115-44	,	000000	170174	196198	331331	178184	115117	219219	304330	172174	200208	184184	000000	194198	186186	298298	218218
ABVY116-61	,	133133	166168	196196	331331	178178	113117	217219	312330	169174	202202	184184	000000	198198	186186	298298	218222
ABVY117-41	,	119119	162174	194194	331343	178178	111117	219219	330330	171174	200208	184184	472472	194202	186202	298298	218218
ABVY118-68	,	133133	166168	194198	331333	178178	113113	219219	322322	172174	200202	184184	468468	194198	186198	306306	218218
ABVY119-47	,	133133	166174	198198	331331	180180	113113	219219	320330	176176	204204	184184	468468	202206	186186	294298	200226
ABVY120-58	,	133133	168170	194194	331333	178178	113113	219219	312322	169171	198198	184184	468472	202206	186186	298298	200214
ABVY121-10	,	000000	166170	194198	329333	180180	000000	219221	312330	174174	204204	184184	000000	198202	186198	294298	218218
ABVY122-50	,	133133	166170	194194	331347	178178	113117	217219	304330	172172	204204	184184	468468	194206	186186	298306	218218
ABVY123-42	,	119119	168170	194194	331361	178178	111115	219219	330330	174176	198208	184184	468472	198206	186186	294298	218218
ABVY124-52	,	119119	166170	194194	329331	178178	113113	219223	312312	174174	208208	184184	468472	194210	186186	298306	218218
ABVY94-40	,	000000	000000	000000	333343	000000	000000	000000	000000	171174	000000	000000	000000	000000	000000	000000	218218
ABVY95-65	,	119119	170174	194194	333347	178180	113113	219219	322330	171174	202202	184184	464468	198206	186186	298298	200218
ABVY96-53	,	119133	166172	194194	329331	178178	111113	217219	304324	171176	204208	184184	464472	198198	186186	306306	218218
ABVY97-57	,	119119	170174	194194	333361	178180	113113	217219	330330	171173	000000	184184	468468	194198	186186	298306	200200
ABVY98-63	,	119133	162170	194194	329333	180180	113113	219219	304322	169174	000000	184184	468472	198198	186186	298298	200218
ABVY99-69	,	000000	168174	194194	331331	178180	113113	223223	322330	172174	198198	184184	468472	206206	186186	298302	218218
ABVY92-49	,	119119	170174	194198	331345	178180	113113	219219	316322	173176	198200	184184	468472	202210	186190	298306	218218
ABVY93-56	,	119119	170174	196198	329333	178180	105113	217219	322322	172174	198204	184184	468468	198202	186198	298302	200218
POP
ESPE127-14	,	000000	168170	194196	331333	178182	113113	219219	304304	176176	196202	184184	464468	206206	186198	294302	200200
ESPE60-28	,	000000	000000	000000	333343	000000	000000	000000	000000	176176	200204	000000	000000	000000	000000	000000	200218
ESPE61-30	,	000000	170170	194198	333333	178182	113117	219219	322324	169174	200202	184184	000000	198198	186202	306306	218222
ESPE63-29	,	000000	168172	194196	343343	178180	105113	219219	314318	169169	204208	184184	000000	194206	186186	294298	222222
ESPE64-19	,	133133	166168	194194	331343	178178	113117	217219	314324	169173	196200	184184	000000	194210	186198	306306	196218
ESPE65-20	,	133133	166168	194196	343343	178178	113113	219219	320322	176176	196204	184184	464468	198210	186186	294302	196218
ESPE66-23	,	133133	170172	194194	333333	178178	113113	221223	320320	176176	204208	184184	464464	198202	186190	294306	200214
ESPE67-24	,	000000	166170	194194	331333	178178	097113	000000	318320	000000	200200	184184	430430	194198	186186	294302	000000
ESPE68-33	,	000000	162166	194198	333343	180180	111113	199219	324324	176176	200204	184184	464464	194198	186186	298298	218222
ESPE69-4	,	000000	000000	196196	333343	000000	000000	199221	314320	169176	200204	184184	000000	198198	000000	000000	200218
ESPE70-22	,	133133	162170	194194	331343	180180	113117	223223	322324	173176	200204	184184	468468	198202	186186	298298	200218
ESPE71-17	,	133133	168170	194196	333333	180180	113113	217223	324324	174176	204204	184184	468472	190198	186186	294306	218218
ESPE72-12	,	000000	166170	194194	331333	178178	113113	219219	318318	176176	200208	184184	468468	194198	186186	294298	218226
ESPE73-31	,	133133	168170	194194	333333	180180	111113	223223	320324	174176	204208	184184	468468	198206	186186	294306	218222
ESPE74-35	,	000000	168170	194198	333343	178180	111113	219223	318320	174174	200204	184184	000000	202206	186198	298298	200200
ESPE75-32	,	000000	166170	194194	333343	178178	113113	217219	320326	176176	202208	184184	000000	194206	186186	290306	218222
ESPE76-21	,	133133	162170	194194	331347	180180	113113	219223	322324	176176	200202	184184	464464	202210	186186	298302	218218
ESPE77-1	,	000000	000000	194194	347357	000000	113113	219219	324328	169174	198208	184184	464464	194198	186186	000000	200226
ESPE78-8	,	000000	170174	194194	331333	178180	113113	217219	320322	174174	200200	184184	000000	198198	198198	294294	218222
ESPE79-16	,	000000	168170	194194	331343	180180	113117	219223	316320	173176	200200	184184	464468	202210	186186	298298	218222
ESPE80-34	,	000000	170172	194194	333343	178180	113117	217219	324324	169176	000000	184184	000000	194206	186186	298306	214222
ESPE81-5	,	133133	166168	196200	333343	178178	113113	199219	316320	169176	202208	184184	472472	194198	186202	298306	218218
ESPE82-3	,	000000	166168	194194	333343	178182	113117	199219	318320	169176	204208	184184	000000	198198	186186	294298	218218
ESPE83-36	,	000000	168170	194198	333343	178180	113113	199219	320328	176176	200200	184184	000000	194198	186186	294306	218218
ESPE85-18	,	000000	168170	194194	333343	178180	113117	219219	320322	172176	200204	184184	000000	194206	186186	298306	214222
ESPE86-6	,	000000	000000	000000	331343	000000	000000	000000	000000	173176	204204	000000	000000	000000	186186	000000	200222
ESPE87-25	,	133133	162168	194194	333343	178180	105113	219219	318326	174176	204204	184184	468468	194194	186198	298306	218218
ESPE88-81	,	000000	168174	194194	331331	178182	113113	217217	320332	174176	200200	184184	468468	198210	186198	294306	200222
ESPE89-2	,	000000	166166	194198	333343	178178	113117	199219	314318	176176	202208	184184	000000	198202	186202	294298	218218
ESPE90-7	,	000000	168168	196196	343343	178178	113117	217219	304324	176176	204204	184184	464464	190198	186186	294298	200222
POP
RSF01	,	133133	166168	198198	329345	178178	109119	219219	312320	174174	198204	184184	000000	198198	186186	302306	218230
RSF02	,	000000	168168	194194	343343	178180	117121	000000	000000	172176	198202	184184	000000	190194	186202	298306	204222
RSF03	,	000000	000000	196198	343343	000000	107109	219219	320328	174174	204204	184184	000000	190198	000000	000000	204230
POP
PEFO01	,	000000	166166	196198	343347	178180	113113	199221	324332	174176	198200	184184	472480	198206	186186	298302	222222
POP
HUTR01	,	119119	162166	196204	331333	178178	113113	219221	300340	174174	196198	184184	000000	202206	202202	302306	214214
HUTR02	,	119119	164168	198202	343343	178180	113113	219219	340344	168174	200202	184184	000000	190202	186186	294302	200222
HUTR03	,	137137	166166	000000	331343	180180	113113	000000	000000	172174	196198	184184	000000	190198	186198	294302	222222
HUTR04	,	119137	162168	196196	331343	180180	113113	219219	320324	172174	198198	184184	000000	190198	186202	294302	222222
HUTR05	,	133137	166168	202202	333343	180180	113113	219221	312344	172174	198198	184184	000000	202210	186186	298302	200222
HUTR06	,	133133	162166	196198	343357	180180	107113	219221	312324	172174	196200	184184	000000	202202	186202	298302	200222
HUTR07	,	119137	162162	194198	331331	184184	113113	221221	336344	168168	196198	184184	472472	210210	202202	302306	214222
HUTR08	,	119119	162162	198198	343343	180184	107111	219221	312344	168174	196198	184184	472472	190202	190202	298302	222222
HUTR09	,	119137	162168	194202	333343	180180	113113	219221	332344	172174	198202	184184	000000	190210	186202	302302	200222
HUTR10	,	119133	166166	196202	329329	180180	107107	217221	300336	174174	196202	184184	468472	190194	186202	298302	214222
HUTR11	,	137137	162166	196204	329343	180180	107107	219221	324336	174174	202202	184184	000000	190190	186186	298298	200214
HUTR12	,	137139	162168	196198	333343	178180	107113	221221	336344	168172	200202	184184	464468	190190	186202	298298	200214
HUTR13	,	119119	162162	196202	343345	178178	107113	217221	328344	174174	198200	184184	468472	202206	186190	294298	200234
HUTR14	,	119119	164168	196198	333343	178178	113113	199221	292312	174174	198204	184184	468472	190202	186202	298298	214222
HUTR15	,	133133	162168	194198	333343	180180	111113	219221	308340	172174	198202	184184	468472	190210	186186	294306	214222
HUTR16	,	137139	162162	200204	333343	180180	107113	221221	324344	168172	200202	184184	468472	190210	186186	298298	200214
HUTR17	,	133137	162162	196200	343355	180180	109113	199221	336336	174174	198202	184184	468472	190190	186202	302306	218222
HUTR18	,	119119	166168	196196	333343	180180	113113	219221	312340	174174	198204	184184	000000	190202	186186	298302	222222
HUTR19	,	000000	000000	000000	000000	000000	000000	000000	000000	000000	196196	000000	000000	000000	000000	000000	000000
HUTR20	,	133137	162168	196198	343355	180180	107109	199221	324336	168174	198202	184184	000000	190190	186186	298306	214222
HUTR21	,	133137	162168	198202	331343	178180	113113	199217	308320	174176	202202	184184	000000	190210	186202	302306	200222
HUTR22	,	133133	162162	196198	343357	180180	109113	199221	324324	168172	200202	184184	468468	190198	186186	294298	222222
HUTR23	,	133137	166168	196202	329329	180180	113113	199217	336344	168174	198202	184184	000000	190190	186202	302302	218222
HUTR24	,	133137	162168	196196	355357	180180	107113	199219	324336	168172	198200	184184	000000	190198	186186	298302	214214
POP
BLS01	,	135135	162168	198204	329343	178180	113113	199219	308318	174176	202202	184184	000000	190194	186186	302302	218222
BLS02	,	119135	164166	198198	331331	178180	113117	217219	312320	176180	198198	184184	000000	198202	186202	302306	218222
BLS03	,	119119	166166	198198	331353	178180	113117	219221	312316	172176	198198	184184	464476	194194	190190	302306	218222
BLS04	,	135139	162168	198204	345357	178178	113113	199219	316320	174176	198198	184184	000000	202206	186186	294298	200222
BLS05	,	119119	166166	198198	331353	178180	113117	219221	312316	172176	198198	184184	464476	194194	190190	302306	218222
BLS06	,	000000	162166	198198	329357	178180	113115	199219	318320	174174	198202	184184	476476	194194	186206	294302	218222
POP
ELMA01	,	135135	166166	000000	333333	178180	000000	000000	316316	174174	206206	184184	000000	000000	202202	298306	222222
ELMA02	,	000000	000000	000000	335345	000000	107113	000000	000000	173173	200202	184184	000000	190198	000000	000000	218226
ELMA03	,	119119	166168	198198	333333	178178	115117	199199	316328	174174	206206	184184	000000	190190	186206	294302	222222
ELMA04	,	000000	166170	194198	333345	178178	115117	199221	324328	174176	206206	184184	000000	190190	186202	298302	222222
ELMA05	,	123123	166168	198198	333357	180180	115117	199221	316328	176176	206206	184184	000000	190190	186202	294298	222222
ELMA06	,	119135	166166	194198	333345	178180	113115	199199	316324	174174	198206	184184	000000	190190	202206	302306	222222
ELMA07	,	119123	166168	198198	333357	180180	107117	199221	316324	173176	196206	184184	000000	190190	202206	294298	222222
ELMA08	,	123123	166170	194198	345345	178180	107117	199199	000000	172174	206206	184184	000000	190206	202206	298302	222222
ELMA09	,	123123	168170	000000	345357	178178	000000	000000	000000	173176	206206	000000	000000	000000	202202	294302	222222
ELMA10	,	000000	000000	000000	333357	000000	000000	000000	000000	174174	196206	000000	000000	000000	000000	000000	222222
ELMA11	,	119119	166170	198198	333345	178178	113117	199221	316328	173176	198206	184184	000000	190190	186202	294302	222222
ELMA12	,	123123	166170	196198	345357	178178	107115	199199	316328	174174	198206	184184	460460	190198	186206	294302	222222
ELMA13	,	123123	166170	198198	333333	180180	107117	199221	324324	174174	206206	184184	000000	190190	202206	298298	222222
ELMA14	,	119135	166170	194198	333345	178180	115117	199221	316324	174176	206206	184184	000000	190206	186202	298306	222222
ELMA15	,	000000	166166	000000	333343	180180	000000	199199	000000	176176	204206	184184	000000	000000	202206	298298	222222
ELMA16	,	119119	166166	000000	333333	178178	000000	000000	000000	172176	196206	184184	000000	000000	186206	294298	222222
ELMA17	,	123123	166168	000000	345357	178180	000000	000000	000000	174174	198206	000000	000000	000000	186206	294302	222222
ELMA18	,	000000	000000	000000	333333	000000	000000	000000	000000	172174	198206	000000	000000	000000	000000	000000	222222
ELMA19	,	135135	166170	194196	345345	178180	107115	199225	316328	174174	206206	184184	000000	190190	186206	298302	218222
ELMA20	,	000000	166166	194200	333345	180180	115117	199199	324328	173176	204206	184184	000000	190206	186202	298298	222222
ELMA21	,	119119	166166	198198	333357	178178	113113	199221	316324	173176	196198	184184	464464	190190	202206	294306	222222
ELMA22	,	135135	168170	198198	333333	180180	107115	221225	316324	173176	198206	184184	460460	198206	186206	294298	222222
ELMA23	,	123123	166168	196198	333357	178178	000000	199199	316324	173173	196198	184184	000000	190198	206206	294294	222222
ELMA24	,	119119	166170	194198	333357	180180	113115	199221	316324	174174	198206	184184	464464	190190	202206	298306	222222
POP
HOVE01	,	000000	164164	194194	331355	178178	113115	217221	328340	172174	200204	184184	464464	190198	198202	298302	222226
HOVE02	,	119119	164166	194194	331333	178178	107109	217221	316328	172176	202204	184184	464476	190198	186202	298298	204204
HOVE03	,	119119	168168	194198	349359	178178	113119	217217	300316	174176	202204	184184	464464	194198	186202	290302	218218
HOVE04	,	133133	164168	194194	333355	178178	109115	221221	340340	168174	200204	184184	000000	190190	186206	302302	218226
HOVE05	,	000000	164172	194194	331333	178178	109113	217217	328340	174176	204204	184184	000000	190198	202206	298298	204222
HOVE06	,	000000	168172	194198	333355	178178	107109	199221	308340	168174	204204	184184	464472	198198	198202	294298	204218
HOVE07	,	119119	166166	194198	333333	180180	107115	217221	312340	176178	198204	184184	464472	190198	186186	298302	204222
HOVE08	,	000000	000000	194194	331331	000000	109109	219221	000000	172176	204204	184184	000000	190198	000000	000000	204218
HOVE09	,	119119	164166	194202	331351	178178	113119	219221	308312	176176	198200	184184	464464	198198	198206	290302	218222
HOVE10	,	133133	168172	194194	333355	178178	113115	217221	328340	168176	204204	184184	000000	190190	186206	298302	222226
HOVE11	,	119119	164166	194202	331351	178178	107119	219221	308316	174176	198200	184184	464464	190198	202206	290302	204218
HOVE12	,	119119	162166	194194	333349	178178	107115	215217	304316	174174	198198	184184	472472	190198	186198	298298	204222
HOVE13	,	119133	162164	194194	343355	178180	107109	221221	340340	168172	200204	184184	464464	190198	186186	302302	218218
HOVE14	,	119119	164172	194194	331333	178178	109113	199217	328340	172174	202204	184184	464472	190198	186198	298298	204218
HOVE15	,	119119	166168	194194	333343	178178	109113	199217	312316	172176	202204	184184	464464	190194	186198	298302	204218
HOVE16	,	000000	162164	194194	343355	178178	000000	199221	340348	172174	200204	184184	000000	190198	198206	302302	218226
HOVE17	,	000000	164164	194194	331343	178178	113115	199217	340348	172176	200204	184184	464464	190198	198206	298302	222226
HOVE18	,	119119	162162	194194	343359	178180	107113	199221	340348	172174	200200	184184	000000	194198	186198	302306	218222
HOVE19	,	119133	166168	198198	333343	178178	107113	199221	308340	174176	198200	184184	464464	190194	186206	298298	204218
HOVE20	,	000000	162164	194194	355359	178178	109113	199221	340348	168174	200204	184184	464464	190198	198206	302306	218222
HOVE21	,	119119	162172	194198	333333	178178	113115	215221	304316	172174	200202	184184	472472	198198	186198	298302	226226
POP
C2MS01	,	119119	162166	194198	000000	178180	113115	217225	302302	000000	000000	184184	000000	190190	186186	298310	000000
C2MS02	,	119119	162166	198198	000000	180180	111113	199217	302342	000000	000000	184184	000000	190194	186186	298310	000000
POP
HMSW01	,	000000	162168	000000	335335	178180	000000	000000	000000	172172	198198	000000	000000	000000	198206	294294	218218
HMSW02	,	119119	168170	198198	331343	178178	113113	217221	302318	172172	198198	184184	464464	190202	186198	294298	218222
HMSW03	,	133133	168170	194198	331343	178180	000000	217217	298318	172172	198198	184184	000000	202202	186194	298298	218218
HMSW04	,	000000	162168	000000	000000	178178	000000	000000	000000	000000	198198	000000	000000	000000	194194	000000	218218
HMSW05	,	133133	166168	194198	331335	178178	000000	217221	298330	000000	198198	184184	000000	202202	198198	294298	218222
HMSW06	,	119133	168170	194194	000000	178178	107113	217221	302318	000000	000000	184184	000000	202202	194198	294298	000000
HMSW07	,	133133	162168	194198	335335	178178	107113	217221	302326	172172	198198	184184	460464	190190	186198	294294	218218
HMSW08	,	119133	162162	194194	331331	180180	107113	217217	318330	172172	198198	184184	000000	198202	194198	294294	218218
HMSW09	,	119119	166170	194198	333335	178178	113113	221221	298302	172172	198198	184184	472472	202202	198198	294302	218226
HMSW10	,	119133	162162	000000	000000	178178	000000	000000	000000	000000	198198	000000	000000	000000	198198	000000	218218
HMSW11	,	000000	162162	000000	335335	178180	000000	000000	000000	172172	198198	184184	000000	000000	198198	000000	218218
POP
DCB01	,	000000	000000	194198	000000	000000	000000	000000	000000	172172	000000	184184	000000	198202	000000	000000	218222
DCB02	,	000000	000000	000000	000000	000000	000000	000000	000000	000000	000000	184184	000000	000000	000000	000000	000000
DCB04	,	119119	170170	194194	335335	180180	113115	217219	326326	172174	196198	184184	464472	190194	194194	294294	214222
DCB05	,	119119	162168	194198	335335	180180	113115	217221	310326	172174	196198	184184	472472	198202	186198	294294	204218
DCB06	,	135135	170170	194198	331335	178180	113113	221221	302326	172172	198198	184184	472472	190210	194194	294294	204218
DCB07	,	000000	172172	000000	000000	000000	000000	000000	000000	000000	198198	000000	000000	000000	000000	000000	218218
DCB08	,	119119	168170	194194	331335	178180	107117	217221	302330	172172	198198	184184	000000	190202	194194	294298	204222
DCB09	,	119133	168170	196198	000000	178180	107117	217217	000000	000000	000000	184184	000000	198202	186194	294298	000000
DCB10	,	000000	000000	000000	335335	000000	000000	000000	000000	172174	198198	000000	000000	000000	000000	000000	218218
DCB11	,	119135	162166	000000	000000	178180	000000	000000	000000	000000	000000	000000	000000	000000	186194	294298	000000
DCB12	,	119119	162170	194194	335335	178180	113115	217217	314326	174174	196198	184184	472472	194198	194194	294294	214218
DCB13	,	119133	170170	194194	333333	180180	113115	217217	314326	174174	196198	184184	464472	190194	194194	294294	214222
DCB14	,	000000	000000	000000	000000	000000	000000	000000	000000	000000	196198	000000	000000	000000	000000	000000	214222
DCB15	,	135135	162166	194198	335335	178180	113113	221221	326326	172174	198198	184184	472472	194198	186194	294294	218218
DCB16	,	135135	162166	000000	331335	178180	107113	217221	000000	172172	198198	184184	000000	194210	186194	294298	218222
DCB17	,	135135	162170	196198	335335	178180	107107	217221	310326	172172	198198	184184	000000	194210	186194	294298	218222
DCB18	,	119135	166170	000000	000000	180180	000000	000000	000000	000000	000000	000000	000000	000000	186186	298298	000000
DCB19	,	133133	162170	000000	331331	178180	000000	000000	000000	172172	198198	000000	000000	000000	186194	294294	214222
DCB20	,	133135	168170	194194	335343	180180	113113	217221	314326	172172	198198	184184	460472	198198	186186	294298	214222
DCB21	,	119135	168170	196198	331335	178180	117117	217221	298298	172172	198198	184184	000000	190202	186186	294294	214218
POP
DGO01	,	119119	166168	198198	331331	174174	109109	217219	298338	174174	198198	184184	000000	202210	186198	290298	218226
DGO02	,	119133	166166	194198	331331	174174	107109	219219	298326	174174	196198	184184	000000	202206	186186	298298	226226
DGO03	,	119119	166166	198202	331349	174178	109109	217219	298338	174174	198198	184184	464464	190206	186186	298298	218226
DGO06	,	119133	166168	194198	331331	174174	107109	219219	298322	174174	196198	184184	464472	190202	186198	290298	200226
DGO07	,	119133	166168	194194	331349	174174	107109	217219	318326	169174	196198	184184	464472	190202	186198	298298	200218
DGO08	,	119119	166170	194198	331353	178178	109113	217219	326326	174174	198198	184184	000000	206210	186186	290298	218226
DGO09	,	133133	166168	194198	331353	174178	109113	219219	322322	174174	196202	184184	472476	190206	186186	298306	218218
DGO10	,	133133	166166	194194	331331	174178	109109	217219	298326	174174	198198	184184	000000	190206	186186	290298	218226
DGO11	,	133133	166166	194198	331357	176178	109113	199217	298322	174174	198198	184184	472476	190210	186198	290298	218226
DGO12	,	119133	168170	194194	331349	178178	107109	217219	318338	169174	196198	184184	000000	202210	186186	298298	200226
DGO13	,	133133	166168	194194	331353	174174	109115	219221	322326	174174	196202	184184	000000	190190	186198	290306	218226
DGO14	,	119133	166170	194198	331331	174174	107109	219219	322326	174174	198198	184184	464464	202206	186186	298298	200218
DGO15	,	133133	166166	194198	000000	178178	113115	219221	298322	000000	000000	184184	464472	190202	186198	290298	218218
DGO16	,	119133	166168	194194	353353	174180	109113	217221	314326	174174	198202	184184	000000	190198	186198	298306	218218
DGO17	,	119133	168170	194198	000000	180180	109115	219221	314338	000000	000000	184184	000000	190190	186186	290298	000000
POP
DUTS01	,	119119	166166	198198	333345	178178	113113	219219	340348	172174	202202	184184	464464	198198	186202	298302	214214
DUTS02	,	119119	162168	198198	331333	178178	113113	219219	340348	174174	202202	184184	464468	198202	186186	298302	214226
DUTS03	,	119119	162168	198198	333345	178178	113113	219219	300300	000000	202202	184184	464464	202206	186202	298302	214214
DUTS04	,	119119	162162	198198	333345	178178	113113	217219	340344	174174	198202	184184	464468	202202	186186	298302	210214
DUTS05	,	119119	166168	198198	333345	178178	113113	219219	340344	000000	202202	184184	464468	198202	186186	298302	214214
DUTS06	,	000000	000000	000000	000000	000000	113113	219219	300300	000000	202202	184184	000000	198206	000000	000000	210214
DUTS07	,	119119	166168	198198	345345	178178	113113	219219	300304	174174	198202	184184	464464	198202	186202	298298	214214
DUTS08	,	119119	162168	198198	000000	178178	113113	217219	300348	000000	000000	184184	464464	202202	186186	298298	000000
DUTS09	,	121141	162166	198198	333333	178178	113113	217219	300340	174174	198202	184184	472480	198202	186186	298298	214214
DUTS10	,	119119	162168	198198	333345	178178	113113	217219	300304	174174	202202	184184	464464	198198	186202	298298	214214
DUTS11	,	119119	162168	198198	333345	178180	113113	217219	300340	174174	198202	184184	464468	202206	186202	302302	210214
DUTS12	,	119119	166166	198198	333345	180180	113113	219219	304340	174174	202202	184184	468476	198198	186186	298302	210214
DUTS13	,	119119	162166	198198	333333	178186	113113	219219	340348	000000	202202	184184	000000	198206	186186	302302	214214
DUTS14	,	119119	166168	198198	333345	178178	113113	219219	300336	000000	202202	184184	000000	202206	186186	298298	214214
DUTS15	,	119119	162162	198200	331333	178178	113113	199219	340348	174174	202202	184184	468476	198202	186186	298298	210214
DUTS16	,	119141	162162	198198	000000	178178	113113	219219	344348	000000	000000	184184	468480	198202	186186	302302	000000
DUTS17	,	119119	162166	198198	000000	178178	113113	219219	340348	174174	202202	184184	464468	198198	186186	298302	210214
DUTS18	,	119119	168168	198198	333345	178178	113113	219219	300304	174174	202202	184184	464464	198206	186186	298298	214214
DUTS19	,	119141	162162	198198	333333	180180	113113	219219	300340	172174	202202	184184	468472	202202	186186	298298	210214
DUTS20	,	119119	162166	198198	333333	178178	113113	219219	336348	174174	202202	184184	000000	198202	186202	298298	214214
DUTS21	,	119141	162162	194198	333333	180180	113113	000000	340340	174174	202202	184184	000000	198202	186186	298298	214226
DUTS22	,	119119	162166	000000	333345	178180	000000	000000	000000	172172	198202	184184	000000	000000	186186	298302	214214
DUTS23	,	119119	162162	000000	333345	178178	000000	000000	000000	174174	202202	000000	000000	000000	186186	298298	210226
DUTS24	,	119119	162162	198200	333333	178180	113113	219221	340348	172174	202202	184184	468476	198198	186202	302302	214214
DUTS25	,	119119	162166	198198	333345	178178	113113	219219	300340	172174	198202	184184	464468	202206	186202	298302	214214
POP
BBM01	,	119131	168170	195195	335353	174178	109113	199219	300316	172174	196202	184184	000000	202202	186186	298306	218226
BBM02	,	131131	168170	194194	335353	174174	113113	219219	300340	174174	196202	184184	000000	202202	186186	298306	192226
BBM03	,	119119	170170	195195	353357	178178	113119	199219	336340	000000	202202	184184	000000	202202	186186	298306	226226
BBM04	,	000000	166170	195198	345355	178178	109113	199217	336348	174176	202202	184184	472476	194202	186206	298306	218226
BBM05	,	000000	168170	194194	335353	174178	109113	219219	340340	174174	202202	184184	468468	202202	186202	294306	222226
BBM06	,	119137	166170	194198	343353	174178	109113	219219	300304	172174	202202	184184	000000	198202	186186	298298	222226
BBM07	,	137137	166166	194202	333343	174174	109109	199219	300304	172174	202202	184184	468472	198202	186186	298306	222222
BBM08	,	119133	166170	194194	343357	178178	109119	199219	304336	000000	196202	184184	000000	198202	186186	298306	214226
BBM09	,	131131	168174	194194	335355	178178	113119	199219	336340	172174	196202	184184	468468	202202	186186	294306	226226
BBM10	,	000000	166166	194198	343355	178178	109113	199217	320348	172174	202202	184184	472476	198202	186186	298298	218226
BBM11	,	119137	166168	195198	335343	174178	109109	199219	300332	172174	202202	184184	472472	198202	186186	298298	218222
BBM12	,	131137	166170	195198	343353	174178	109109	219219	304316	172172	196202	184184	000000	198202	186202	298306	218222
BBM13	,	131133	166170	194194	335343	174178	109113	199219	304316	172172	202202	184184	468472	198202	202206	298306	192214
BBM14	,	119119	166170	194198	333343	178178	107109	199217	308320	174174	202202	184184	472472	198202	186206	298298	218222
BBM15	,	119119	166174	195195	353355	178178	119119	199219	300340	000000	202202	184184	000000	202202	186202	294306	218226
BBM16	,	000000	166170	195195	333355	178178	107113	000000	320336	000000	202202	184184	000000	202202	186186	298306	222226
BBM17	,	119119	166166	195195	353355	178178	107119	199219	300340	000000	202202	184184	472472	198202	186202	294306	218222
BBM18	,	133133	166170	194194	333355	174178	109109	219219	304324	174174	202202	184184	000000	198202	186186	294298	214222
BBM19	,	131137	166168	194194	335343	174174	109113	219219	332340	174174	196202	184184	000000	198202	186186	298306	192222
BBM20	,	000000	166166	198202	345357	178178	119119	199217	308320	000000	202202	184184	472472	198202	186186	298306	218222
BBM21	,	133133	166170	195195	355357	178178	109119	199219	320332	172174	202202	184184	000000	198202	186186	298306	214218
BBM22	,	119137	166166	195198	333355	178178	109119	199219	304320	174176	202202	184184	472472	198202	186202	298306	214218
BBM23	,	133133	166170	194194	343353	174178	109109	219219	332340	000000	202202	184184	468468	198202	186202	294298	222222
BBM24	,	131137	166170	194194	343353	178178	109113	219219	332340	172174	196202	184184	000000	198202	186202	298298	192222
BBM25	,	131137	166168	194194	353355	174174	109113	219219	300304	172174	202202	184184	000000	198202	186202	298298	192214
POP
VADO01	,	119119	162166	194200	353357	178178	113113	219223	300308	172172	198202	184184	468468	198198	186186	298302	206210
VADO02	,	119141	166166	194198	343353	178178	113113	199223	308320	174174	198198	184184	464468	202210	186186	298302	214214
VADO03	,	119141	166166	200200	343353	178178	113115	221223	316320	172172	198198	184184	464468	198202	186186	298298	206210
VADO04	,	119119	166166	198200	353353	178178	113115	199223	320320	172174	198198	184184	464468	202202	186186	298298	206214
VADO05	,	119119	166166	000000	343343	178178	000000	000000	000000	172174	198198	186186	000000	000000	186186	298298	206210
VADO06	,	141141	166166	194200	353353	178178	113113	221223	308348	172172	198202	184184	000000	198198	186186	298298	210214
VADO07	,	119141	166166	194198	353353	178178	115115	219219	320348	174174	198198	184184	464464	210210	186186	298302	206206
VADO08	,	119141	166166	194200	353353	178178	113115	219219	308348	174174	198202	184184	464468	198202	186186	298302	206214
VADO09	,	141141	166172	194198	353353	178178	113115	219223	308348	174174	198198	184184	464468	198202	186186	298298	206214
VADO10	,	141141	166172	194198	343353	178178	113113	199223	316320	174174	198198	184184	464468	202210	186186	298306	210214
VADO11	,	119119	166166	194194	343353	178178	113113	219223	320348	174174	202202	184184	464468	202210	186186	298298	210214
VADO12	,	119121	162172	194194	331357	178178	113113	199219	304324	174174	200202	184184	468472	194198	186186	298302	222226
VADO13	,	121121	162166	000000	353357	178178	000000	000000	000000	172174	200202	000000	000000	000000	186186	298298	206226
VADO14	,	119141	166172	194198	353353	178178	115115	219223	308348	174174	198202	184184	464468	202210	186186	298302	206206
VADO15	,	141141	166172	194200	353353	178178	115115	219219	308348	172174	198202	184184	464468	202210	186186	298302	206206
VADO16	,	119119	166166	194198	353353	178178	113115	221223	308316	174174	198202	184184	464468	198202	186186	298298	206206
VADO17	,	141141	166172	194198	353353	178178	113115	219223	308348	174174	198198	184184	000000	198202	186186	298298	206214
VADO18	,	119141	166166	200200	353353	178178	113115	219221	308316	172174	198202	184184	464468	202210	186186	302302	206214
VADO19	,	119119	166166	194194	343353	178178	113113	219223	320348	174174	202202	184184	464468	202210	186186	298298	210214
VADO20	,	141141	166166	194200	343353	178178	113115	219223	316320	174174	202202	184184	000000	198202	186186	298306	206214
VADO21	,	119119	166166	000000	353353	178178	000000	000000	000000	174174	198198	000000	000000	000000	186186	302306	210214
VADO22	,	119141	162166	194200	353357	178178	113113	199223	308324	174174	200202	184184	464472	198210	186186	298298	214222
VADO23	,	141141	166166	200200	353353	178178	115115	219223	316320	174174	198202	184184	464468	198202	186186	298302	206214
VADO24	,	141141	166172	200200	353353	178178	113115	221223	320348	174174	198202	184184	464468	202210	186186	298302	210214
VADO25	,	141141	166166	194200	353353	178178	113115	219223	308320	172174	198202	184184	464464	198210	186186	298302	206214
VADO26	,	119119	166170	200200	343353	178178	113115	221223	308316	172172	198198	184184	464468	198202	186186	298298	206214
VADO27	,	119141	166170	194194	343357	178178	113113	219221	320348	172174	202202	184184	464468	202202	186186	302306	210222
POP
HLSP01	,	119141	168170	194198	331357	178178	113113	219219	308340	174174	200202	184184	000000	190206	186186	298302	206218
HLSP02	,	119119	166166	194200	331331	178178	113113	219221	314348	174174	202202	184184	464464	202202	186186	302302	218222
HLSP03	,	119119	162162	198198	343357	180180	113113	219219	312340	174174	202202	184184	464468	202206	190206	298302	222222
POP
SFNF01	,	135135	164166	196198	335357	178180	107109	219219	300332	172174	196202	184184	460464	194198	186186	298298	222226
SFNF02	,	135135	164166	194194	335343	178178	000000	219219	300300	172174	196200	184184	000000	198198	186202	298298	218226
SFNF03	,	121133	162168	198198	343343	174174	107109	217219	300332	172174	196200	184184	472472	198210	186206	298302	222226
SFNF04	,	133133	162168	194198	331335	178178	111111	219219	300300	172174	202202	184184	460460	190210	186186	298302	218218
SFNF05	,	135135	168170	194198	335335	178178	107109	219219	300332	174174	200202	184184	000000	194206	186186	302302	222226
SFNF07	,	000000	168170	194198	335337	174174	109111	217219	300300	000000	196202	184184	000000	190206	186186	000000	218222
SFNF08	,	133133	162166	198198	335343	174180	109113	219219	300300	172174	200200	184184	460472	190210	186186	298298	218222
SFNF09	,	121133	162166	194198	331335	180180	109111	217219	300332	172172	196202	184184	460472	194206	186206	302306	218226
SFNF10	,	121121	164166	194198	335343	176180	111113	219219	300332	172174	202202	184184	000000	194198	186202	298298	218226
SFNF11	,	135135	166170	198198	335335	178178	107111	217219	300332	174174	196200	184184	000000	194206	186186	302302	218226
SFNF12	,	121121	164166	194194	343357	176178	109113	219219	300356	172174	196200	184184	460468	194198	186202	298298	222226
SFNF13	,	135135	164166	196198	335343	178178	113113	219219	300332	172172	196200	184184	460468	198198	202206	298302	218226
SFNF14	,	121121	164170	194194	335343	178180	109113	217219	300332	172172	196200	184184	464472	198198	186206	298302	222226
SFNF15	,	121135	166166	194196	337343	176178	107109	219219	300356	172172	202202	184184	460472	194198	186202	298302	222226
SFNF16	,	133135	164168	194198	343357	174178	107109	217219	332332	172172	196202	184184	468472	198198	186202	298302	222226
POP
VCNP01	,	119119	166174	194198	355355	178182	109109	199219	324340	174176	204204	184184	468468	194202	186186	298310	222222
VCNP02	,	119119	166166	198198	355355	182182	109109	199219	340340	176176	198204	184184	468468	194198	186186	298306	222222
VCNP03	,	000000	166168	198198	333355	178182	109109	207219	312328	174174	196198	184184	464468	194206	186186	310310	218222
VCNP04	,	000000	166168	198198	333355	178182	109111	217219	312340	174174	202204	184184	464468	198206	186186	298310	218222
VCNP05	,	119119	166168	198198	333355	182182	109111	219219	312340	174174	198204	184184	468468	198198	186186	302310	222222
VCNP06	,	119119	168168	198198	333355	178182	109109	199219	312312	174174	198204	184184	468468	190198	186186	302310	222222
VCNP07	,	119119	166168	198198	333345	178182	109109	199219	312324	174176	204204	184184	468468	190198	186186	310310	218222
VCNP08	,	000000	166168	198198	333355	178182	109111	199219	312340	174174	198204	184184	464468	198198	186186	298310	222222
VCNP09	,	119119	166166	198198	345355	182182	109109	199219	312340	174176	196204	184184	468468	194198	186186	306310	218222
VCNP10	,	119119	166168	198198	355355	182182	109111	207219	312340	176176	204204	184184	468468	194198	186186	298310	218222
VCNP11	,	119119	166168	198198	333355	182182	109109	199219	312312	174174	204204	184184	000000	198198	186186	310310	222222
VCNP12	,	000000	166166	198198	333355	178182	109109	199219	312340	174176	198204	184184	464468	198198	186186	298302	222222
VCNP13	,	000000	166166	194198	355355	182182	109111	199199	340340	174176	198198	184184	468468	194198	186186	298310	222222
VCNP14	,	000000	166174	198198	355355	182182	109109	199219	324340	174176	198204	184184	468468	198198	186186	298310	222222
VCNP15	,	119119	166168	194198	343355	182182	109109	199217	312324	174176	204204	184184	464464	190198	186186	310310	218222
VCNP16	,	000000	166166	198198	343355	178182	109111	219219	312340	174174	202204	184184	000000	198206	186186	298310	218222
VCNP17	,	119119	166166	198198	343355	178182	109109	199217	312328	174176	198198	184184	000000	194206	186186	298310	218222
VCNP18	,	119119	166166	198198	343355	178182	109109	199217	312328	174176	198202	184184	468468	194206	186186	310310	222222
VCNP19	,	000000	166166	198198	355355	182182	109111	199219	320324	176176	204204	184184	000000	198198	186186	306310	222222
VCNP20	,	119119	166166	198198	355355	178182	109111	199219	312312	174176	198204	184184	464468	198198	186186	310310	222222
VCNP21	,	119119	166166	198198	333355	178182	109109	199219	312324	174176	204204	184184	468468	194198	186186	298302	218222
VCNP22	,	000000	168168	198198	333355	178182	109111	199219	312312	174176	198204	184184	468468	190198	186186	310310	222222
VCNP23	,	119119	166168	198198	355355	182182	109111	199219	312340	174176	204204	184184	468468	198198	186186	298302	222222
VCNP24	,	000000	166166	198198	333355	178182	109109	199219	312320	174176	204204	184184	468468	198198	186186	302310	222222
POP
SAM01	,	119135	170172	200200	335355	178178	107113	199219	304312	174174	198198	184184	456468	194198	186194	298306	214214
POP
BLFB01	,	000000	170170	200200	343353	174174	107107	221221	312324	174174	196198	184184	000000	190190	186202	302306	222222
BLFB02	,	131131	166170	200200	333353	174174	107107	217217	300312	178180	196198	184184	000000	190190	186186	298306	218222
BLFB03	,	131131	166166	200200	343353	174178	107107	217221	312312	174180	196198	184184	000000	190194	186202	000000	218218
BLFB04	,	135135	166170	200200	343353	174178	107107	217221	312324	174180	198198	184184	000000	190190	202202	298302	222222
BLFB05	,	131135	166170	198198	333343	174174	107107	217221	300312	174180	196198	184184	464464	194198	186202	298306	222222
BLFB06	,	000000	166166	198198	343353	178178	107107	221221	312324	174178	196198	184184	464476	190190	186186	298306	218222
BLFB07	,	131131	166170	200200	343353	174174	107107	217221	324328	174174	198198	184184	000000	190202	186186	306306	222222
BLFB08	,	135135	170170	200200	333353	178178	107107	219221	328336	174174	198198	184184	464468	190190	186202	302306	222222
BLFB09	,	135135	166166	200200	333353	174178	107107	217217	312328	174174	196200	184184	476476	190190	186186	298298	218218
BLFB10	,	000000	166170	198198	343353	174178	107107	217221	312336	000000	198198	184184	000000	190202	186186	298306	222222
BLFB11	,	000000	000000	000000	000000	000000	000000	000000	000000	000000	198202	000000	000000	000000	000000	000000	222222
BLFB12	,	135135	166170	200200	353353	174174	107107	221221	324328	000000	196198	184184	000000	190194	186186	000000	218222
BLFB13	,	000000	166166	200200	335353	174174	107107	221221	312328	174174	196198	184184	000000	190190	186202	298298	218222
BLFB14	,	135135	166166	200200	333353	174174	107107	217221	300328	174178	196198	184184	464464	190202	186186	298298	214222
BLFB15	,	135135	166166	200200	353353	174174	107107	217217	312324	174178	196198	184184	000000	190190	202202	298302	218222
BLFB16	,	135135	166166	200200	343353	174174	107107	217221	312324	000000	198198	184184	000000	190194	202202	000000	218222
BLFB17	,	135135	166166	200200	353353	178178	107107	217221	312328	174174	196202	184184	000000	190202	186186	298306	214222
BLFB18	,	131135	166166	200200	343353	174174	107107	221221	312324	178180	198198	184184	000000	190194	186202	298306	222222
BLFB19	,	000000	000000	200200	333353	000000	107107	000000	000000	174178	196198	184184	000000	190190	000000	000000	222222
BLFB20	,	000000	166170	200200	333353	174178	107107	217221	320324	000000	196200	184184	000000	190190	186186	298306	222222
BLFB21	,	135135	166166	000000	000000	000000	107107	199199	000000	000000	198198	184184	000000	190190	000000	000000	000000
BLFB22	,	135135	170170	200200	333343	174178	107107	221221	312312	174174	198198	184184	468468	190190	186202	306306	218222
BLFB23	,	000000	166166	200200	333343	174174	107107	221221	320328	178180	198202	184184	000000	198198	186186	298302	218218
BLFB24	,	135135	166166	200200	333343	174174	107107	217221	312312	174174	198198	184184	476476	190190	186186	298306	218222
BLFB25	,	131135	166168	200200	333343	174174	107107	199219	312320	180180	198198	184184	456464	190190	186186	298306	218222
BLFB26	,	000000	166166	200200	333353	174178	107107	217221	320328	000000	200202	184184	000000	194202	186186	000000	222222
BLFB27	,	000000	000000	000000	000000	000000	000000	000000	000000	000000	202202	000000	000000	000000	000000	000000	214222
BLFB28	,	000000	166170	000000	000000	174174	107107	000000	000000	000000	198202	184184	000000	000000	186186	000000	000000
BLFB29	,	131131	166170	000000	343353	178178	107107	000000	000000	000000	198202	184184	000000	190190	186186	298306	218222
POP
TPRR01	,	133135	166170	200200	333345	174178	113113	219219	332336	174174	198198	184184	464472	198198	186186	290290	214218
TPRR02	,	119133	164170	194200	333343	176180	109113	219219	312332	173176	198198	184184	000000	190190	186186	286302	214222
TPRR03	,	119131	162162	200200	333343	176180	107113	219219	312332	174176	198200	184184	460468	190190	186186	294294	214222
TPRR04	,	119139	170170	194200	343357	174178	111113	217219	320330	174174	196196	184184	000000	190190	186186	290302	218226
TPRR05	,	119139	168172	194200	333343	180180	113115	217219	324330	174176	198198	184184	464472	190190	186186	290294	218218
TPRR06	,	119119	162166	194200	343345	174180	113113	217219	320332	174174	198200	184184	468468	194202	186186	294298	214214
TPRR07	,	133139	168172	194200	333343	174178	113115	219219	328336	174174	196200	184184	468472	198202	186186	294298	218218
TPRR08	,	119133	168172	200200	333345	174174	111113	217219	332336	172174	198198	184184	460464	190190	186186	294298	218218
TPRR09	,	119133	168172	194200	333333	178178	113113	217219	330336	174174	196196	184184	464464	190198	186186	298306	214218
TPRR10	,	131133	168172	194200	333333	178178	111111	217219	330336	172174	196196	184184	000000	190190	186186	290290	218218
TPRR11	,	131131	170172	194200	333341	176178	107111	219219	304308	174174	198200	184184	464468	190202	186186	294294	214222
TPRR12	,	119119	164170	200200	343351	174174	113113	219219	312332	172174	196200	184184	460464	190198	186186	294306	214214
TPRR13	,	119131	170172	194200	333343	178178	111113	217219	308330	172174	196198	184184	464468	190190	186186	302306	214218
TPRR14	,	133139	166168	194200	333333	178178	113113	219219	324336	172174	196198	184184	000000	190198	186186	290298	218218
TPRR15	,	119133	164168	200200	333345	178180	113113	219219	328336	174174	196198	184184	000000	190190	186186	294298	214218
TPRR16	,	119139	166172	200200	343355	180180	113113	217219	320332	174174	198200	184184	464468	194198	186186	294302	214214
TPRR17	,	131139	166170	194200	333343	178178	113113	219219	308324	172172	196198	184184	464468	190190	186186	290302	214218
TPRR18	,	133133	168172	200200	335343	000000	115115	219219	328332	174178	198200	184184	000000	190194	186186	000000	218218
TPRR19	,	133139	168172	200200	333343	178178	113115	219219	308336	172174	196198	184184	468472	190198	186186	298306	214218
TPRR20	,	119133	166172	194194	333333	178178	113113	219219	320336	172174	196198	184184	464472	190190	186186	290290	218226
TPRR21	,	133135	168172	194200	333333	178180	113113	217219	312324	174174	196196	184184	000000	190206	186186	290302	218230
TPRR22	,	133139	164166	200200	333343	174174	113113	217219	328336	172174	198200	184184	464468	190198	186186	298302	214218
POP
PCN01	,	139139	166166	194198	357357	180180	107113	207219	308316	172180	196198	184184	464476	190206	186186	298298	218218
PCN02	,	119139	166166	198198	307325	180180	107113	199207	308324	000000	198208	184184	456472	190206	186198	298302	189205
PCN03	,	119139	166166	194198	357357	180180	107113	207219	308316	172180	196198	184184	456464	190206	186186	298302	218218
PCN04	,	119139	166166	194198	357357	180180	113113	199219	316324	172180	196198	184184	464464	206206	186186	298298	218218
POP
CT2CC01	,	119137	162162	194194	000000	178178	113113	219221	318318	174174	198200	184184	000000	194194	186186	294294	218218
CT2CC02	,	119137	162166	000000	000000	178178	000000	000000	000000	172174	198200	000000	000000	000000	186206	298302	218218
CT2CC03	,	133137	162162	194198	345357	178178	109113	219219	314316	174174	198200	184184	480480	194198	186186	294302	218222
CT2CC04	,	119119	162162	194194	343355	178178	113113	219221	318318	174174	198198	184184	468472	194194	186186	294294	218218
CT2CC05	,	119119	162162	000000	353353	178180	000000	000000	000000	174174	196198	184184	000000	000000	186186	294302	218218
CT2CC06	,	000000	000000	000000	353353	000000	000000	000000	000000	174174	198198	000000	000000	000000	182182	000000	218218
CT2CC07	,	137137	162162	194194	000000	178178	109113	219219	318326	174174	198198	184184	472476	194194	186186	294294	218218
CT2CC08	,	119133	162162	194198	353355	178180	113113	219219	316316	173176	198198	184184	000000	194198	186186	298310	218222
CT2CC09	,	133137	162172	194198	345355	178178	109113	199221	302326	174174	198200	184184	000000	194198	186186	294302	218222
CT2CC10	,	133137	168172	194194	345345	180180	109113	219221	316330	174174	198200	184184	472480	194194	186206	294302	218222
CT2CC11	,	119137	166168	194194	355355	178178	113113	217221	326330	174174	198200	184184	472480	190198	206206	294294	218218
CT2CC12	,	119133	162168	194194	345355	178178	109109	219219	316326	174174	200200	184184	000000	198198	186186	294294	218218
CT2CC13	,	133137	160162	198198	345357	178178	109109	219219	302318	174174	200200	184184	480480	194198	186186	302302	218218
CT2CC14	,	000000	160160	000000	331355	000000	000000	000000	000000	174176	198198	000000	000000	000000	182182	000000	218218
CT2CC15	,	119137	166168	194194	000000	180180	109113	219221	308316	000000	000000	184184	000000	190194	186186	294302	000000
CT2CC16	,	119137	168172	194198	331355	184184	109113	199219	316316	174174	198200	184184	000000	194198	186186	294302	218218
CT2CC17	,	119133	162172	194194	355355	184184	113113	199219	310318	174176	200200	184184	472476	194198	186186	294302	218218
CT2CC18	,	119119	162166	194194	329329	178180	109113	219219	326326	174174	196198	184184	000000	190194	186186	302302	218218
CT2CC19	,	119137	162168	194194	355355	178178	109113	219219	310326	174176	198200	184184	476480	194198	186206	294302	218218
CT2CC20	,	133137	162168	194198	345353	178178	109113	219221	316316	174176	198200	184184	000000	194194	186186	302310	218218
CT2CC21	,	119137	162172	194194	331355	178178	109113	219219	316326	174174	198200	184184	476476	194198	186186	294302	218218
CT2CC22	,	133137	162162	194194	333343	178180	109113	219219	318318	174176	198200	184184	472476	194198	186186	302310	218222
CT2CC23	,	119133	168172	194194	000000	180180	109113	199199	316316	000000	200200	184184	000000	194198	186186	294302	218218
CT2CC24	,	137137	162172	194194	331343	180180	109113	219221	310316	174176	198198	184184	000000	198198	186186	294294	218218
CT2CC25	,	133137	162162	194194	343355	178184	113113	219219	316316	174174	198200	184184	000000	194194	186186	294294	218222
CT2CC26	,	119133	168168	194198	331331	180180	109109	199221	316316	174176	198198	184184	000000	194198	186186	294294	218218
CT2CC27	,	119119	162166	194194	355355	178178	109109	199199	316326	174176	198200	184184	000000	190198	186206	294298	218218
CT2CC28	,	119133	162168	194194	331355	178178	113113	219219	318318	174176	200200	184184	464476	190194	186186	294310	218218
CT2CC29	,	000000	000000	000000	000000	000000	000000	000000	000000	000000	000000	000000	000000	000000	182182	000000	000000
CT2CC30	,	119119	162162	000000	343355	180184	113113	219221	000000	174174	198200	184184	000000	194194	186186	000000	218218
CT2CC32	,	000000	162162	000000	000000	178178	000000	000000	000000	000000	196200	000000	000000	000000	186186	000000	218218
CT2CC33	,	119133	168172	194198	353355	184184	109109	219221	318326	174174	198198	184184	000000	194198	186186	294294	218218
CT2CC34	,	119133	168168	194194	331345	184184	109113	219227	310318	174174	198202	184184	000000	198198	186186	294302	218218
CT2CC35	,	133133	162166	194194	355355	178178	109109	219219	310316	173176	196198	184184	000000	198198	186206	294298	218218
POP
CRL01	,	000000	162166	194194	353353	178180	113113	199217	336336	168174	196198	184184	472472	194194	186186	298298	226226
CRL02	,	119119	162170	194194	335343	178180	107107	199217	344348	172174	198198	184184	472472	198198	186186	294294	222226
CRL03	,	133133	162162	194194	343353	180180	109113	199217	336336	168174	198200	184184	472476	194194	186186	294298	218222
CRL04	,	133133	162162	194194	343353	180180	113113	217217	308352	172174	198200	184184	472476	194194	186186	298298	218226
CRL05	,	000000	162162	194194	343353	180180	113113	217217	336336	172174	198200	184184	000000	194206	186206	298298	218226
CRL06	,	133133	162162	194202	343343	180180	107115	199199	344348	168174	196202	184184	000000	198198	186206	294294	222226
CRL07	,	000000	162162	194198	345355	000000	107115	199199	312340	172174	198202	184184	472476	194206	186186	000000	222226
CRL08	,	000000	000000	000000	343353	000000	000000	000000	000000	172174	196196	000000	000000	000000	000000	000000	218218
CRL09	,	133133	162162	194194	353353	180180	113113	199217	336340	168174	196198	184184	472472	194194	186206	294298	226226
CRL10	,	000000	162162	194194	343353	180180	109113	217217	308336	172174	198200	184184	472476	194206	186186	294298	222226
CRL11	,	133133	166170	194194	343343	180180	113113	199221	312312	168174	196196	184184	472472	198198	186186	294294	214218
CRL12	,	133133	162162	194194	343353	180180	113113	199221	308352	168174	198202	184184	472476	194206	186186	298298	218226
CRL13	,	000000	166168	194202	353355	178178	113113	217217	312340	168172	198202	184184	472476	194194	186186	294294	218226
CRL14	,	000000	162168	198202	343353	180180	107113	217217	336340	168172	198202	184184	472472	198198	186186	294298	226226
CRL15	,	000000	162162	194202	343353	180180	113113	199217	336340	172174	196198	184184	472472	194198	186206	294294	214218
CRL16	,	000000	000000	194194	343343	000000	107113	199217	336344	174174	198202	184184	472472	198198	000000	000000	218222
CRL17	,	133133	162170	198202	343355	180180	107107	199217	308348	174174	198198	184184	472472	194198	186206	294298	222226
CRL18	,	133133	162170	194202	343343	180180	113113	199221	336348	172174	196196	184184	468476	194194	186186	294294	218218
CRL19	,	133133	162162	194194	343355	178178	107113	199217	308312	168172	198200	184184	000000	194198	186186	294298	222226
CRL20	,	000000	162166	194194	343353	180180	107107	199217	308340	174174	198202	184184	472476	194194	186186	294294	218218
CRL21	,	119119	162170	198202	343355	180180	107107	199217	344348	172174	198202	184184	472472	198198	186206	294298	222226
CRL22	,	133133	162162	194194	343353	178178	107113	199217	308312	168174	198202	184184	000000	194194	186186	294298	226226
CRL23	,	133133	162170	194198	343343	180180	107107	199217	308348	174174	198202	184184	000000	198198	186206	294294	222226
CRL24	,	000000	000000	194194	355355	000000	000000	000000	000000	172174	196198	184184	000000	000000	000000	000000	218226
POP
SSLM01	,	000000	166168	198204	331343	180182	113115	221221	296296	172174	196198	184184	468472	198206	186202	298306	214230
SSLM02	,	119119	162166	000000	331343	178178	113115	199221	300318	174174	198202	184184	000000	202202	186206	298302	210214
SSLM03	,	119119	162166	194198	331343	182182	107115	199199	296316	172174	198202	184184	000000	198198	202202	298298	214218
SSLM04	,	131131	166166	198204	331347	180180	113113	199221	300316	000000	202202	184184	000000	190198	186206	298306	218218
SSLM05	,	000000	000000	204204	000000	000000	113115	221221	296300	000000	196198	184184	000000	198206	000000	000000	214214
SSLM06	,	119119	166168	194204	333343	180182	107113	221221	296300	172172	198200	184184	000000	198206	186206	298306	214222
SSLM07	,	137137	162166	196200	331331	178180	111111	199199	296318	172180	198202	184184	000000	202202	186202	302302	210210
SSLM08	,	119119	166166	200200	331359	178182	113115	219221	296296	174174	198202	184184	000000	206206	186206	298302	214222
SSLM09	,	119119	162174	194196	331343	180180	113113	221221	316328	172174	198200	184184	000000	190198	186202	298298	210230
SSLM10	,	137137	166166	196200	331359	182182	113113	219221	296318	174174	198198	184184	000000	206206	186206	294298	222222
SSLM11	,	119137	162166	198198	331343	178178	111115	199199	296318	172172	200202	184184	000000	198202	186186	302306	210214
SSLM12	,	119119	164166	198204	343347	178178	107111	221221	300300	172172	198202	184184	000000	190198	186186	298298	218222
SSLM13	,	131131	162166	194194	331347	180180	109113	221221	300318	174174	198202	184184	000000	190190	186206	298302	218222
SSLM14	,	119119	166166	196198	343359	180180	115115	199199	296300	180180	198200	184184	472472	190202	186186	306306	214214
SSLM15	,	119119	168174	196196	331343	180182	107113	221221	300300	172172	198200	184184	000000	198206	202206	298306	210214
SSLM16	,	119119	166174	194204	331343	180182	113115	221221	296300	172172	198200	184184	000000	198206	186186	298306	214222
SSLM17	,	119119	168174	196196	331343	180182	107113	221221	300300	172172	198200	184184	472476	198206	186186	298306	210214
SSLM18	,	000000	166166	198198	331359	182182	113115	199221	296296	172174	198200	184184	472472	202206	186186	298306	214222
SSLM19	,	119119	166166	198198	343343	180180	111111	199221	296300	174180	198202	184184	472472	190198	186186	302302	210210
SSLM20	,	119119	162168	198198	343343	182182	113113	219221	296318	172174	196196	184184	000000	198206	186202	298298	218230
SSLM21	,	119119	162162	194198	331331	182182	113115	221221	318328	172174	198202	184184	000000	190198	186202	302302	214222
SSLM22	,	119119	166168	198204	331343	180180	113115	221221	296300	172172	196198	184184	000000	198198	186186	298306	210214
SSLM23	,	119119	166168	194196	331343	180180	113113	221221	318340	172180	198202	184184	000000	198206	186186	298306	222222
SSLM24	,	119119	162162	196196	331331	180180	113113	221221	316318	172174	198202	184184	000000	190202	186186	298302	210222
SSLM25	,	119131	162166	200204	331343	178178	107115	199221	296316	172172	198202	184184	000000	198198	202206	298298	214218
POP
SYWS01	,	119119	162166	198198	331331	178178	113115	221221	300340	172172	196196	184184	464464	194206	186186	290294	222226
SYWS02	,	000000	162168	200200	333351	178180	107113	221221	304316	172174	196196	184184	464464	194206	186186	294298	222222
SYWS03	,	119119	162168	200200	331333	180180	113113	199199	300304	172172	196196	184184	456464	194194	186186	294298	222222
SYWS04	,	000000	162166	198198	331331	178178	107115	221221	340340	172172	196198	184184	000000	194194	186186	290294	222226
SYWS05	,	000000	162162	196200	331333	180180	113113	199221	304304	172174	196196	184184	464464	206206	186186	294298	222222
SYWS06	,	119119	162162	200200	331351	180180	107113	199199	300300	172172	196196	184184	000000	194198	186186	294298	222222
SYWS07	,	119119	162166	196198	331351	178178	107115	199207	304340	172172	196196	184184	000000	194194	186186	290298	222226
SYWS08	,	000000	162162	196200	333351	178180	113115	199221	300304	172174	196196	184184	464464	194206	186186	290294	222226
SYWS09	,	000000	162162	196198	351351	178180	107115	199207	300340	172174	196196	184184	000000	194194	186186	290298	222226
SYWS10	,	000000	162168	198198	333351	180180	107107	207221	304340	172174	196198	184184	456464	194194	186186	290298	222222
SYWS11	,	119119	166168	196200	331351	180180	107113	199221	304340	172172	196196	184184	464472	194206	186186	298298	222222
SYWS12	,	119119	162168	198198	331351	178180	107115	207221	300340	172174	198198	184184	464464	194194	186186	290290	222226
SYWS13	,	000000	162162	194194	331351	178180	115115	199221	304340	172172	196196	184184	000000	194206	186186	294294	226226
SYWS14	,	119119	162168	200200	331351	180180	107113	199199	300300	172172	196198	184184	456464	194198	186186	294298	222222
SYWS15	,	000000	162162	194200	331351	180180	107113	199221	300304	172172	196196	184184	456456	194194	186186	294298	222222
SYWS16	,	000000	162162	196200	351351	178178	107107	207221	316340	172174	196196	184184	000000	194206	186186	290294	222222
SYWS17	,	000000	162168	198198	331331	178178	107115	221221	340340	172172	196196	184184	464464	194194	186186	290294	222226
SYWS18	,	000000	162168	198198	333351	180180	107113	207221	304340	172174	196196	184184	456464	194206	186186	294298	222222
SYWS19	,	119119	162166	194198	351351	180180	107115	199207	304304	172172	196196	184184	464472	194194	186186	290298	222226
SYWS20	,	119119	162166	196198	331351	178178	113113	207221	304340	172174	196196	184184	464464	206206	186186	294298	222222
SYWS21	,	000000	162168	194198	331333	178180	107115	207221	340340	172174	196198	184184	464464	194206	186186	290290	222226
SYWS22	,	119119	166168	198198	331331	178178	107115	221221	300340	172172	196196	184184	464464	194194	186186	290290	222226
SYWS23	,	000000	162162	198198	331351	178178	113115	207221	304316	172172	196196	184184	464464	194194	186186	290294	222222
POP
WSCM01	,	133137	166168	194194	343353	178178	109113	199217	332332	172172	200202	184184	000000	202202	186186	298306	218218
WSCM02	,	137137	166166	194194	343345	182182	107109	199199	332332	000000	198200	184184	472472	186202	186186	298298	218218
WSCM03	,	119133	166166	194198	000000	178178	113113	221225	326336	000000	000000	184184	464472	198198	186206	298298	000000
WSCM04	,	137137	166168	198198	343345	178178	109113	221223	320326	000000	198202	184184	460460	198202	186206	298306	226226
WSCM05	,	119133	166174	194198	345353	178178	113113	217219	320320	000000	200202	184184	000000	198198	186206	306306	218226
WSCM06	,	119133	166174	194198	345353	178178	113113	217225	320320	000000	200202	184184	000000	202202	198206	302306	218226
WSCM07	,	119137	166166	194198	345345	178178	109113	217219	320326	000000	200202	184184	000000	198202	186206	302306	222226
WSCM08	,	000000	166174	000000	343345	000000	107113	199221	326332	000000	198202	184184	000000	186198	186206	298306	218226
WSCM09	,	133137	166174	194198	345345	178180	107113	221221	326326	000000	202206	184184	472472	198198	206206	298306	218226
WSCM10	,	000000	166166	198198	343353	182182	111113	199199	326344	000000	198200	184184	000000	198198	186198	298298	218226
WSCM11	,	133133	166168	198198	343353	000000	111113	199217	304304	000000	200202	184184	000000	186198	186206	298306	218226
WSCM12	,	137137	166166	198198	345357	174174	107113	199219	316326	000000	202202	184184	000000	198202	186206	302306	214226
WSCM13	,	000000	166166	000000	343345	000000	107109	199221	326332	000000	198200	184184	000000	186202	186186	298298	218218
WSCM14	,	133137	166168	198198	343345	178180	107107	221221	326326	000000	198202	184184	472472	186198	186186	298306	218226
WSCM15	,	137137	166174	194194	345345	180180	107113	221223	332332	174176	200202	184184	472472	198198	186206	306306	214226
WSCM16	,	133137	166166	198198	343353	178180	107111	221221	326344	172172	198200	184184	472472	186202	186206	298306	218218
WSCM17	,	119119	166166	194198	351353	174174	109113	223225	304326	000000	202202	184184	464464	198198	186206	302302	226226
WSCM18	,	000000	166168	194194	343345	178178	113113	217221	304320	000000	198200	184184	000000	186202	186206	298306	226226
WSCM19	,	000000	168174	194194	343343	178178	107113	199199	320332	000000	200200	184184	000000	198198	186186	298306	218222
WSCM20	,	119119	162168	194198	333345	178180	107109	199219	320324	172174	200204	184184	000000	198198	198202	302306	214222
WSCM21	,	133133	166168	198198	343343	178178	107113	217221	320326	174174	200202	184184	472472	198202	186186	298306	226226
WSCM22	,	119137	166166	198198	345353	182182	109113	219221	326344	172172	198200	184184	472472	198202	186186	306306	218226
WSCM24	,	119119	166174	194194	331353	182182	107113	219225	304328	000000	200200	184184	000000	198202	186198	298302	218222
WSCM25	,	119119	162168	194198	333353	178178	109109	219219	320336	000000	202204	184184	000000	194198	186198	302302	214222
POP
FUEN01	,	119133	166170	194198	343343	178180	113113	219221	304340	000000	198198	184184	000000	198202	190206	298306	226226
FUEN02	,	131131	170170	194198	343353	174174	107113	219221	308312	172172	198198	184184	000000	194202	186202	298298	192222
FUEN03	,	131133	166170	000000	343343	180180	000000	000000	000000	000000	196204	000000	000000	000000	186202	298306	192218
FUEN04	,	000000	000000	198198	343355	000000	107107	219219	312340	169174	202202	184184	000000	202202	000000	000000	222226
FUEN05	,	119119	170170	000000	343343	178178	000000	000000	000000	172174	198204	184184	000000	000000	186186	298298	192218
FUEN06	,	133133	170170	194198	343353	178180	107115	217219	308328	172176	202204	184184	472472	198202	198202	298306	192218
FUEN07	,	131131	170170	194198	343343	180180	107111	219219	304308	169174	198202	184184	000000	202202	190206	298306	218226
FUEN08	,	119133	170170	194198	353355	178180	107109	199219	308328	169172	198202	184184	460472	198198	190202	298306	218222
FUEN09	,	121133	166170	194198	343343	180180	107111	217219	304308	172176	202204	184184	464472	198202	198202	298298	192226
FUEN10	,	119131	168170	194194	343353	180180	113113	219221	312312	000000	198198	184184	000000	198198	186186	298306	222226
FUEN11	,	119137	166170	194198	343343	174178	109111	199221	308328	172174	196202	184184	000000	198202	198202	302306	192222
FUEN12	,	131131	166170	194198	343343	180180	107113	199199	000000	172174	198198	184184	000000	202202	186206	000000	192218
FUEN13	,	119119	166166	000000	000000	000000	109113	000000	000000	000000	198202	184184	000000	198198	000000	000000	000000
FUEN14	,	119131	166170	194194	343357	178178	107115	219221	304324	174176	202204	184184	000000	198198	186186	298306	192218
FUEN15	,	131131	166170	194194	343357	178178	113115	219219	304308	174176	198202	184184	000000	198202	186206	298306	218226
FUEN16	,	119121	166170	194194	333343	178180	107107	219221	308312	172172	198198	184184	000000	198202	186206	298306	218222
FUEN17	,	121121	166170	194198	343355	180180	107109	219221	308308	172172	198204	184184	000000	202202	186186	298298	218222
FUEN18	,	131131	166170	198198	343357	178178	107109	219219	308312	174176	198198	184184	472472	198198	186186	306306	218218
FUEN19	,	133133	170170	194198	343353	178180	107113	219221	304312	172174	198202	184184	460468	202202	186206	298298	218226
FUEN20	,	119131	170170	000000	343343	178178	107115	000000	000000	172176	202204	184184	000000	198198	186206	000000	218218
FUEN21	,	119119	166170	194194	343353	178178	107113	217219	308328	169174	196202	184184	472472	198202	190202	298298	192226
FUEN22	,	000000	000000	000000	000000	000000	107113	000000	000000	000000	000000	184184	000000	000000	000000	000000	000000
FUEN23	,	119131	166170	194198	343343	178180	107113	219219	308340	174174	198198	184184	000000	194202	202206	298298	192226
FUEN24	,	131131	166170	194198	343357	178178	109115	219219	304308	172176	198202	184184	000000	198202	186186	306306	218218
FUEN25	,	131131	166170	194194	343357	178178	107113	219219	308312	000000	202204	184184	000000	198198	186186	298306	192226
POP
CBAR01	,	119133	162166	194198	335343	180180	109113	199219	316316	174174	202202	184184	464464	198198	186198	294298	222230
CBAR02	,	119131	170174	200200	333343	178180	113115	199199	316344	174174	202202	184184	468468	198198	186186	298298	226226
CBAR03	,	119133	162170	194194	343343	178178	113113	199219	304344	174174	198198	184184	464464	198206	186186	298298	210230
CBAR04	,	131131	162170	194198	337337	178180	113113	199219	344344	174174	198200	184184	464464	206206	186206	294314	210214
CBAR05	,	119131	162170	198198	337343	178180	113113	219219	316344	174174	198200	184184	464468	202206	186206	294314	210210
CBAR06	,	131139	162170	194198	337337	178180	113113	199219	304344	172174	198200	184184	464468	206206	186186	294314	214214
CBAR07	,	119119	170170	198198	337343	178180	113113	199199	316316	000000	200202	184184	464464	202206	186186	294298	210210
CBAR08	,	119133	170174	194198	335335	178180	113113	199219	344344	000000	198200	184184	464464	206206	186198	294298	210214
CBAR09	,	139139	162170	194200	337345	178180	109113	199199	300316	174174	198202	184184	464464	198198	186186	294298	230230
CBAR10	,	131131	170174	194194	343343	178178	109113	199199	304344	174174	200200	184184	464468	198202	186186	298314	214230
CBAR11	,	133139	166174	194200	335345	178180	113113	199219	300316	174174	198202	184184	464464	198198	186186	294298	214222
CBAR12	,	139139	162174	194194	337345	178178	113113	199219	320336	000000	198198	184184	000000	198202	186186	298314	214222
CBAR13	,	131139	166174	194194	331345	178180	113115	199199	304336	172174	198202	184184	464468	198202	186186	298298	214226
CBAR14	,	119119	162162	198200	345345	178180	109113	199199	300344	174174	200202	184184	468468	194198	186186	294298	218230
CBAR15	,	119131	170170	198198	335337	178178	113113	219219	344344	000000	198200	184184	464468	206206	186206	294298	210214
CBAR16	,	131131	174174	194194	331337	178180	113113	199219	304316	174174	202202	184184	464464	198202	186186	298298	214218
CBAR17	,	131131	162170	198198	345353	178180	109109	199219	300336	174174	198202	184184	468468	194202	186186	294298	210230
CBAR18	,	131131	174174	194200	333343	178180	113113	199219	304344	172174	202202	184184	464468	202202	186198	298302	214226
CBAR19	,	131133	162174	194198	335337	178178	113113	199199	304316	174174	198200	184184	464468	198206	186198	294298	210210
CBAR20	,	119119	166174	198198	343343	174178	113113	199219	304336	174174	198198	184184	000000	194194	186186	294294	218218
CBAR21	,	139139	162162	198200	335345	178178	113113	199219	300316	174174	198200	184184	464464	198202	186186	298298	210230
CBAR22	,	131131	162170	194198	337337	178180	113113	199219	316344	174174	198200	184184	464468	206206	186206	294298	214214
CBAR23	,	131131	170174	194198	000000	178178	113113	199219	344344	000000	000000	184184	000000	202206	186186	294298	000000
CBAR24	,	119119	166174	194200	333343	178178	113115	199199	304304	172174	198202	184184	000000	202202	186198	298302	226226
CBAR25	,	119131	162174	198198	000000	178180	113113	199199	316344	000000	198198	184184	000000	202206	186206	294298	210218
POP
SAND01	,	139139	162162	198198	335335	180180	107113	219219	324332	000000	196200	184184	000000	190194	186202	302302	214222
POP
AGFP01	,	107107	166168	194198	333345	180180	113113	199221	300316	172172	200200	184184	476480	198206	186186	298302	226226
AGFP02	,	000000	162168	194198	333345	178178	113113	221221	300320	000000	200200	184184	000000	198206	186186	294294	226226
AGFP03	,	000000	162162	198198	333345	178180	113113	217221	320320	000000	200202	184184	000000	198198	186186	294302	214226
AGFP04	,	000000	162168	194198	333345	180180	113113	221221	320320	172172	200200	184184	000000	198202	186186	294302	214226
AGFP05	,	107107	162162	194194	333333	178180	107113	219221	300316	172172	198198	184184	480480	198198	186186	294302	226226
AGFP06	,	000000	000000	000000	333333	000000	000000	000000	000000	172172	198202	000000	000000	000000	000000	000000	214226
AGFP07	,	000000	166168	000000	331333	178180	000000	000000	000000	172172	200200	000000	000000	000000	186186	000000	214226
AGFP08	,	000000	000000	000000	000000	000000	000000	000000	000000	000000	200200	000000	000000	000000	000000	000000	214226
AGFP09	,	107107	166168	000000	331349	178180	000000	000000	000000	172172	200200	184184	000000	000000	186186	294302	214226
AGFP10	,	000000	166168	000000	345349	178180	000000	000000	000000	000000	200202	000000	000000	000000	186186	000000	214226
AGFP11	,	107107	166168	000000	333345	178180	000000	000000	000000	172172	200200	000000	000000	000000	186186	294302	214226
AGFP12	,	107107	166168	000000	331349	180180	000000	000000	000000	172172	200200	184184	000000	000000	186186	294302	214226
AGFP13	,	107107	166168	194194	331345	178178	113113	217221	300300	172176	200202	184184	000000	198198	186186	302302	222226
AGFP14	,	107107	166168	198198	331345	178178	113113	217221	300316	172172	200202	184184	000000	198198	186186	302302	222226
AGFP15	,	000000	168168	194198	333345	178178	113113	221221	300316	172172	200200	184184	464480	198198	186186	302302	214226
POP
WHR01	,	000000	166166	194198	331331	180180	113113	207207	304308	167172	198202	184184	464472	190194	186186	298302	218218
WHR02	,	119119	166166	194198	357357	178178	107113	207217	308308	172172	196198	184184	472472	190194	186198	298298	218218
WHR03	,	139139	166166	194198	331357	178180	113113	199219	304312	176176	202202	184184	456472	194202	186186	298306	218218
WHR04	,	139139	166170	194198	331357	176176	107113	207207	304308	172172	196196	184184	472476	190202	186198	290302	214218
POP
JJD01	,	139139	166166	200200	333333	178178	107107	217219	308308	172172	196196	184184	476476	194214	186186	302302	218218
JJD02	,	139139	166166	196200	333355	178180	107107	217219	308324	172174	198198	184184	464476	194214	186186	302306	218218
JJD03	,	139139	166166	200200	333345	178180	107113	207217	308308	000000	196202	184184	476476	194194	186186	302302	218218
POP
LAN01	,	139139	166166	000000	333355	178180	000000	000000	000000	172172	202202	000000	000000	000000	186194	298302	218218
LAN02	,	119119	166166	200200	000000	180180	107113	219219	308320	000000	000000	184184	464472	194194	186186	302302	000000
LAN03	,	119139	166166	200200	333355	178178	107113	217217	308320	172178	198198	184184	476476	194194	186186	290302	214218
LAN04	,	119139	166166	200200	331345	176178	113115	207217	308308	172178	202202	184184	464476	194194	186186	298302	218226
LAN05	,	119139	162166	200200	331333	178180	113113	207219	308320	172172	200202	184184	476476	194194	186186	298306	218218
LAN06	,	119119	166166	196200	331333	180180	107113	217219	320324	172174	198200	184184	000000	194194	186186	306306	218218
LAN07	,	119119	166166	200200	333333	178180	107113	207217	320324	172174	198202	184184	464464	194194	186186	298306	218218
LAN08	,	119119	166166	200200	331345	178178	107113	217217	320320	172172	198202	184184	476476	194194	186186	298302	218218
LAN09	,	119139	166166	200200	333355	178180	115115	207217	308320	172172	200202	184184	000000	194214	186194	298302	218226
LAN10	,	119119	166166	196200	333333	176178	107113	217219	320320	174174	198200	184184	464464	194194	186186	298306	218218
POP
LLU01	,	137139	162166	194194	331331	180180	109113	219219	308312	169172	200200	184184	468468	194206	186186	294302	214218
LLU02	,	137139	162166	194194	331331	180180	113113	199199	308324	169174	202202	184184	000000	206206	186186	294294	218222
LLU03	,	139139	162166	194194	331331	180182	113113	207219	308312	169169	200202	184184	000000	206206	186186	294302	222222
LLU04	,	137137	166166	194194	331331	182182	113113	199199	308308	172174	202202	184184	468468	206206	186186	290298	218222
LLU05	,	137139	162166	194194	331331	180182	109113	199219	308312	169174	198202	184184	468468	206206	186186	294294	218222
LLU06	,	139139	162162	194194	331331	180182	109113	199199	312312	174176	198200	184184	000000	194206	186186	294294	222222
LLU07	,	139139	162166	194194	331353	182182	109113	199207	308312	169169	202202	184184	000000	206206	186186	294298	218222
LLU08	,	137139	162166	198198	307313	180182	109113	219219	308312	000000	000000	184184	468468	194206	186186	298298	193205
LLU09	,	137139	162166	194194	343343	180180	109113	199219	312312	000000	200200	184184	468468	206206	186186	298298	218222
LLU10	,	139139	166166	194198	331331	178178	109113	199199	308308	172174	200202	184184	464464	206206	186186	290290	218218
POP
BOF01	,	000000	166166	194194	331333	180180	113113	207219	308312	169172	202202	184184	472476	194202	186186	302306	218222
BOF02	,	139139	166166	194198	331333	180180	109113	219219	312332	172172	198202	184184	456472	202206	186186	298302	218218
BOF03	,	119119	166166	194198	331331	178180	107107	199219	308308	174174	200202	184184	472472	194194	186198	298306	218226
BOF04	,	000000	166166	194194	331333	178180	107113	219219	308332	172178	198198	184184	000000	194194	186186	302306	222226
BOF05	,	139139	166166	194198	333343	180180	113113	219219	308308	169178	198202	184184	456476	194202	186186	298302	218218
BOF06	,	137139	166170	194198	331343	178180	113113	219219	308308	169172	198202	184184	456476	194194	186186	302306	218218
BOF07	,	119119	166166	194198	331331	180180	107113	219219	308308	169174	198202	184184	472472	194202	186186	298302	222226
BOF08	,	139139	166170	198198	331333	178180	109113	219219	308332	172174	198202	184184	476476	194194	186186	302306	218218
BOF09	,	119119	166166	194198	331343	178180	107109	219219	308308	169174	198198	184184	456472	202202	186186	298298	218226
BOF10	,	119119	166166	198198	309309	178180	107113	219219	308308	000000	000000	184184	472476	194202	186186	302306	193201
POP
TESW01	,	137137	166166	198198	333333	178178	113115	217217	302302	172172	196196	184184	460460	190198	194194	294294	218222
TESW02	,	137137	166168	198198	333333	178178	113113	217217	302302	172172	196196	184184	460460	190198	194194	294294	222222
TESW03	,	137137	168168	198198	333333	178178	113113	213217	302302	172172	196196	184184	460460	198198	186194	294294	222222
TESW04	,	137137	166166	194198	333333	178178	113115	213217	302302	172174	196196	184184	460460	190190	194194	294294	214222
TESW05	,	137137	168168	198198	333333	178178	113115	217217	302302	172172	196196	184184	460460	190198	194194	294294	222222
TESW06	,	137137	166168	198198	333333	178178	113113	213217	302302	172172	196196	184184	460460	190190	194194	294294	214218
TESW07	,	137137	166166	194198	333333	178178	115115	213217	302302	172174	196196	184184	460460	190190	186194	294294	218218
TESW08	,	137137	166166	198198	333333	178178	115115	213217	302302	172172	196196	184184	460460	190198	194194	294294	218218
TESW09	,	137137	166166	194198	333333	178178	113115	217217	302302	172172	196196	184184	460460	190190	194194	294294	218222
TESW10	,	137137	166166	198198	333333	178178	113115	213213	302302	172172	196196	184184	460460	190198	194194	294294	214218
TESW11	,	000000	166168	198198	333333	000000	113113	217217	302302	172174	196196	184184	460460	190190	194194	000000	222222
TESW12	,	137137	166166	194198	000000	178178	113113	217217	302302	000000	000000	184184	460460	190190	194194	294294	000000
TESW13	,	137137	166168	198198	333333	178178	113113	213217	302302	172172	196196	184184	460460	190190	194194	294294	222222
TESW14	,	137137	166166	198198	333333	178178	113115	217217	302302	172172	196196	184184	460460	190198	194194	294294	218222
TESW15	,	137137	166166	194198	333333	178178	113113	217217	302302	172172	196196	184184	460460	190190	194194	294294	214222
TESW16	,	137137	166166	000000	000000	178178	000000	000000	000000	000000	196196	000000	000000	000000	194194	294294	000000
POP
RM01	,	137137	166166	198198	000000	178178	115115	213217	302302	000000	000000	184184	460460	190198	194194	294294	000000
RM02	,	137137	166166	198198	000000	178178	113113	217217	302302	000000	000000	184184	460460	190190	186194	294294	000000
POP
NFF01	,	119119	162162	194202	331335	178178	107117	199199	000000	172174	196200	184184	000000	198202	202206	298298	214218
NFF02	,	000000	164164	000000	335357	000000	000000	000000	000000	172174	202202	000000	000000	000000	000000	000000	214218
POP
ENSP01	,	000000	166166	198200	333335	174174	107117	219219	308332	174174	196202	184184	468468	190202	186186	294302	222230
ENSP02	,	133133	166172	200200	333335	174178	107113	219219	308332	174174	196200	184184	464468	194202	190190	294302	222226
ENSP03	,	000000	166166	198200	333335	174174	107109	219219	304308	174174	200202	184184	000000	190202	186186	302302	218222
ENSP04	,	000000	000000	000000	335335	000000	000000	000000	000000	174174	198200	000000	000000	000000	000000	000000	218222
ENSP05	,	000000	166172	198198	335335	178178	107117	219221	304332	174178	198200	184184	464468	194206	186190	302302	222226
ENSP06	,	000000	166166	200200	333341	174174	107113	219219	308324	174176	196196	184184	464464	190194	186206	298298	222222
ENSP07	,	135135	166170	200200	335341	178178	107113	219221	308332	174174	196202	184184	464468	202206	186186	290294	222222
ENSP08	,	127133	166170	198200	333341	174174	107117	219219	308332	174174	196202	184184	464468	190202	186186	294302	222230
ENSP09	,	000000	166166	200200	333341	180180	115117	219219	316324	174174	196200	184184	464468	194194	186186	290298	226230
ENSP10	,	135135	170170	200200	333333	174174	107117	217219	304308	174176	196196	184184	468468	202206	186186	298302	222222
ENSP11	,	000000	166166	200200	333335	174174	115117	219219	308316	174174	196200	184184	000000	194202	186186	298302	230230
ENSP12	,	000000	000000	000000	333333	000000	000000	000000	000000	174174	200202	000000	000000	000000	000000	000000	222222
ENSP13	,	000000	166170	200200	333335	174176	113117	219219	308328	174174	196198	184184	468468	190202	186186	302302	222222
ENSP14	,	000000	166166	200200	333341	174176	107113	219219	308316	174174	196196	184184	464464	190194	186190	298302	222222
ENSP15	,	143143	166170	200200	333335	174174	107113	219219	328356	174174	198198	184184	464468	190202	186186	302302	222226
ENSP16	,	000000	166172	200200	333335	174174	107113	219219	308328	174174	196200	184184	464468	190202	186186	298302	222226
ENSP17	,	143143	166170	200200	333335	174174	113117	199219	328328	174174	196198	184184	000000	202202	186186	302302	222226
ENSP18	,	000000	166172	200200	335335	178178	113115	219219	000000	174174	196198	184184	000000	202202	186186	302302	222222
ENSP19	,	000000	166172	000000	335335	180180	000000	000000	000000	174174	196198	184184	000000	000000	186186	290302	222222
ENSP20	,	000000	000000	000000	333335	000000	000000	000000	000000	174178	196200	000000	000000	000000	000000	000000	222222
ENSP21	,	000000	000000	000000	335335	000000	000000	000000	000000	174178	198200	000000	000000	000000	000000	000000	218226
ENSP22	,	135135	166166	200200	333333	178178	113117	219219	304308	174174	196198	184184	000000	194202	186206	290290	222222
ENSP23	,	143143	166172	000000	333335	178178	117117	000000	000000	174174	196202	184184	000000	194202	186186	290298	230230
ENSP24	,	000000	166168	000000	333341	174176	000000	000000	000000	174174	196196	184184	000000	000000	186206	298302	222222
ENSP25	,	000000	166166	000000	333353	174178	000000	000000	000000	174174	196198	000000	000000	000000	186186	290302	222230
POP
PSLV01	,	135141	166172	196196	335355	178178	115115	219221	314320	172172	196200	184184	456476	186190	190202	302302	214234
PSLV02	,	131133	168172	196196	343355	178178	111115	217217	302326	172176	196196	184184	476476	186186	190190	302302	214234
PSLV03	,	133133	166172	196196	333343	178178	111117	217221	326326	176176	196200	184184	456456	190198	190202	298298	214234
PSLV04	,	133133	172172	196200	355355	178178	111115	219221	306326	174176	196200	184184	456468	190190	190202	298302	214234
PSLV05	,	131131	170172	196200	343355	174178	113115	219219	314330	172176	196196	184184	456456	186198	202202	298302	214214
PSLV06	,	000000	000000	000000	000000	000000	000000	000000	000000	000000	000000	184184	000000	000000	000000	000000	000000
PSLV07	,	133141	166168	196200	333341	178178	115115	213217	322330	172176	196196	184184	000000	186190	186198	302302	214214
PSLV08	,	135135	166172	196196	341357	178178	109111	217219	320322	172176	196196	184184	456456	186190	186198	302302	234238
PSLV09	,	133133	166172	200200	341355	178178	113115	217217	326330	176176	196202	184184	456456	186186	190198	302302	214214
PSLV10	,	131141	166170	196200	341341	174178	111115	213217	306326	176176	200200	184184	456456	186186	186198	294302	206214
PSLV11	,	133141	166172	200200	341357	178178	109109	217217	320322	172176	196196	184184	456468	186190	186198	302302	214238
PSLV12	,	133141	166172	196200	335355	178178	111115	217217	302322	172178	196200	184184	456468	194198	186186	298302	234234
PSLV13	,	131141	166170	196200	341341	174178	111113	213217	326326	176176	200200	184184	456468	186190	186186	294298	214234
PSLV14	,	133135	166172	196196	000000	174178	000000	217219	322330	172176	196200	184184	456456	186190	186190	302302	234238
PSLV15	,	131141	168172	196196	343355	178178	111115	217219	302330	176176	196196	184184	456476	186198	190202	302302	214234
PSLV16	,	131133	168172	200200	333343	174178	111115	219221	302326	172176	196200	184184	456468	186190	198202	302302	206214
PSLV17	,	135141	168170	196200	341357	174178	113115	213217	322330	172176	196200	184184	456460	186186	186198	302302	214214
PSLV19	,	131133	166166	200200	341343	178178	113115	213217	314314	174176	196200	184184	456472	186186	186190	302306	214214
PSLV20	,	135141	166172	196200	341343	174174	111111	217217	314330	172176	196196	184184	456476	186190	190202	302302	234234
PSLV21	,	131135	166172	196200	335343	174174	111115	217219	306320	172176	198200	184184	456456	190198	186186	294302	214234
PSLV22	,	135141	166166	196196	341343	178178	115115	213217	302314	174176	196200	184184	000000	186190	186202	302302	214234
PSLV24	,	131141	170170	000000	343355	174178	000000	000000	000000	172174	196200	000000	000000	000000	190202	302302	214234
PSLV25	,	135141	170172	196196	343355	178178	115115	217219	320330	174176	196200	184184	456472	186186	186202	302306	214214
PSLV26	,	131135	166172	196200	343355	174178	111115	217221	326326	174176	196200	184184	456456	190198	194194	294302	214214
PSLV27	,	133141	172172	196200	335341	174178	111113	217217	302322	172178	196200	184184	456476	194198	186190	298298	206214
PSLV28	,	135135	166172	196200	335355	178178	115115	213217	306314	172178	196200	184184	000000	190190	186190	294302	214214
PSLV29	,	133133	166172	200200	335341	178178	111115	221221	320322	172172	196196	184184	456468	186190	202202	302302	206214
PSLVDOR	,	133135	170172	196196	343355	178178	113115	217219	322326	174176	196196	184184	000000	190198	186194	298302	214214
POP
DN01	,	133133	170170	194194	333341	174174	109109	199219	306326	174174	198204	184184	464472	190194	186190	302302	218218
DN02	,	000000	164170	194194	335353	178180	109113	199215	326326	174174	196198	184184	464472	190194	186190	302302	214214
DN03	,	000000	164170	194200	353353	174180	113115	199223	302326	174176	198204	184184	464472	190194	186190	302306	218226
DN04	,	135135	164168	194198	353353	174180	109113	215223	302326	174178	198204	184184	464464	194194	186190	302306	218218
DN05	,	133133	164172	198200	343355	178180	111115	215223	302330	174174	198204	184184	464472	186194	186190	302306	214214
DN06	,	000000	164170	200200	335335	174174	109113	199199	306338	174176	196196	184184	000000	194194	190190	298306	218226
DN07	,	000000	168172	198200	335353	174174	109113	215215	302326	176178	196198	184184	468472	194202	186190	302306	218218
DN08	,	133133	168168	194200	000000	174174	109113	199215	302306	000000	000000	184184	000000	186194	186190	302302	000000
DN09	,	135137	164170	194200	353355	174180	109113	215215	302302	174174	198198	184184	472472	194194	186190	302306	214218
DN10	,	133137	168168	194194	333335	180180	109113	199217	302302	174176	196198	184184	468472	186202	190190	302306	214214
DN11	,	135135	164170	194194	341343	174180	109113	199219	326326	174174	198198	184184	456472	190194	186190	302306	214218
DN12	,	135135	164170	198200	353353	174174	109115	215219	326338	176178	198198	184184	464472	186202	186190	302306	214218
DN13	,	133135	164170	194194	343353	180180	109111	199199	302326	174176	198198	184184	472472	190194	190190	298302	214218
DN14	,	000000	170170	194200	335343	174180	109111	199223	306330	174176	196198	184184	468472	190194	186194	298306	218226
DN15	,	133135	164170	194200	333343	174180	109115	199199	302338	174178	198198	184184	456472	194194	186190	298302	218226
DN16	,	133133	168170	194198	000000	174174	109109	215219	326330	000000	000000	184184	456468	190194	186190	306306	000000
DN17	,	133133	170170	198202	341353	174178	109109	215223	326338	174174	198198	184184	000000	190194	190190	306306	226226
DN18	,	133133	170170	198202	343353	174178	109115	199223	326338	174174	198198	184184	000000	190194	186190	298306	214226
DN19	,	133135	168172	200200	333335	180180	109115	199199	338338	174176	198198	184184	456468	194194	186190	302306	218226
DN20	,	000000	164172	194194	353353	174180	109111	199215	302330	174176	196196	184184	468472	190198	190190	302306	214222
DN21	,	135135	164172	194198	353353	174180	115115	215215	302326	174176	198198	184184	000000	190190	190190	298302	214218
DN22	,	133133	164168	194194	335335	174180	109111	199215	326330	174176	198198	184184	456472	190194	186190	302302	218218
DN23	,	133137	170170	198200	333343	174180	109109	217223	302326	174174	198204	184184	464468	194194	186190	302302	218218
DN24	,	133133	168170	194200	000000	174174	109111	215223	306330	000000	000000	184184	472472	190194	190190	302302	000000
POP
ERPD01	,	135135	168168	194194	351351	174174	113115	199215	302326	174174	196196	184184	000000	186206	190190	298310	218218
ERPD02	,	133135	168172	194200	351351	174174	113115	199221	302326	174174	196200	184184	000000	190190	190190	298302	218218
ERPD04	,	133135	166168	194198	341349	174178	107115	199217	314326	174182	196196	184184	448464	190190	190190	302306	218218
ERPD06	,	131135	172172	194200	351351	174174	107113	199199	302326	176184	196200	184184	472472	190190	190194	302302	214218
ERPD07	,	131135	168172	194194	351351	174178	115119	199219	302314	174174	196200	184184	472472	190190	190190	302302	214218
ERPD08	,	133135	168170	194194	349349	174178	113115	199221	326326	174174	196200	184184	464468	190190	190194	298302	214218
ERPD09	,	135135	166166	194194	341349	174178	113115	199221	302326	174174	196198	184184	472472	190190	190190	298298	214218
ERPD10	,	133135	168168	000000	341349	174178	115115	221221	000000	174174	198200	184184	000000	190190	190194	310310	214218
ERPD11	,	133135	168170	000000	349351	174174	000000	000000	000000	174176	196198	000000	000000	000000	190190	000000	218218
ERPD12	,	135135	170172	193199	351351	174178	108114	199199	303327	176176	197199	184184	000000	186190	190194	294310	218218
ERPD13	,	135135	168170	200200	351351	174178	115115	199199	326326	174184	196198	184184	000000	190190	190190	294302	214214
ERPD14	,	133135	168172	194200	349351	174174	113115	199199	314326	174174	196200	184184	000000	190190	190190	302306	214218
ERPD15	,	133135	170170	194200	333351	174178	115115	199199	314326	174174	198198	184184	448464	190198	190190	294310	214214
ERPD16	,	131133	168168	194194	351351	174178	113115	199221	302326	174176	198198	184184	448480	186190	190190	302310	214218
ERPD17	,	131135	168172	000000	351351	174178	115115	000000	000000	174174	196198	000000	000000	000000	190190	298302	214214
ERPD18	,	135135	166170	194194	349351	174174	113115	199219	314326	174174	196196	184184	448464	190198	190190	294302	214214
ERPD19	,	133135	168172	194200	349349	178178	107113	221221	326326	174174	198200	184184	000000	186190	186190	302310	214214
ERPD20	,	131135	172172	000000	000000	174174	000000	000000	000000	000000	000000	000000	000000	000000	190190	298302	214214
ERPD21	,	131135	172172	194200	333351	174174	113115	199199	326330	174174	196200	184184	000000	190190	190190	298310	214214
ERPD22	,	131135	170172	194200	333351	174178	113115	199199	318326	182184	196200	184184	000000	186206	190190	302302	214214
ERPD23	,	131133	168168	000000	341349	174178	107115	000000	000000	174182	196196	184184	000000	190190	190190	302306	218218
ERPD24	,	131135	170172	200200	333351	174178	107113	199219	326326	174174	196198	184184	464472	190190	190190	302310	214214
ERPD25	,	133135	170170	194200	333333	174178	113113	199221	310326	174176	196200	184184	472472	190190	190190	298310	214214
ERPD26	,	131133	168172	194194	341349	174178	107115	199199	314326	174182	196200	184184	000000	190190	190190	302302	218218
ERPD27	,	131133	168168	000000	000000	174178	113115	000000	000000	000000	196200	000000	000000	000000	190190	302302	214218
ERPD28	,	131135	168170	194200	333333	174174	115115	199219	302326	174174	198198	184184	456468	190198	190190	298302	214214
ERPD29	,	133133	168172	194194	333349	178178	111115	219219	326326	174184	198198	184184	000000	190190	186194	302310	214218
ERPD30	,	131135	168172	194194	351351	174178	115115	199221	314330	174176	196200	184184	448448	186190	190190	302310	214218
ERPD31	,	131135	168172	194194	351351	174178	113113	199221	302314	174174	196198	184184	000000	190190	190190	298302	214214
ERPD32	,	133135	168170	194194	000000	174174	107107	199199	314314	174176	196198	184184	448448	190190	190190	302302	218218
ERPD33	,	133135	168170	000000	000000	174174	000000	000000	000000	000000	000000	000000	000000	000000	190190	306310	000000
ERPD34	,	133135	168170	194198	333349	174174	115119	199221	314326	174182	196198	184184	448448	190206	186190	302310	218218
ERPD35	,	135135	168170	200200	333351	174178	113115	199217	302318	174176	196196	184184	000000	186206	190194	294298	214214
ERPD36	,	133133	166170	194200	333349	178178	111113	221221	326326	174184	196198	184184	000000	186190	186190	302314	214214
ERPD37	,	133135	166168	194194	349351	174178	119119	199199	302326	174176	198200	184184	468472	190190	190190	298302	214218
ERPD38	,	133135	168172	194194	349351	174178	113115	199199	302326	174174	196198	184184	000000	186190	190190	302302	214218
ERPD39	,	000000	000000	000000	000000	000000	000000	000000	000000	000000	196198	000000	000000	000000	000000	000000	214218
ERPD40	,	133135	166168	194200	351351	174174	107113	215217	302302	174176	196198	184184	000000	186206	190190	298310	218218
ERPD41	,	133135	170170	194194	333333	174174	113113	199221	326326	176182	196198	184184	000000	186198	190190	302302	214214
ERPD42	,	133135	168170	194194	351351	174178	113115	199221	326326	174176	196200	184184	464472	198206	190190	302302	214214
ERPD43	,	135135	168172	194194	349351	178178	113113	199221	326326	174176	200200	184184	000000	190190	190190	302310	214214
ERPD44	,	000000	000000	000000	000000	000000	000000	000000	000000	000000	000000	000000	000000	000000	190190	000000	000000
ERPD45	,	135135	168170	194194	341351	178178	113115	199199	314326	174176	196198	184184	000000	198206	190190	310310	214218
POP
GBTT01	,	133133	166170	200200	327327	174178	113113	199199	000000	174174	194200	184184	000000	190194	186190	294294	214214
GBTT10	,	133135	170170	194200	327327	174178	113115	199199	326326	174178	196200	184184	468480	190190	186186	298298	214222
GBTT11	,	135135	166170	000000	327341	178178	000000	000000	000000	000000	198200	184184	000000	000000	190190	000000	214214
GBTT12	,	133135	166170	194196	349351	174174	113113	199219	310326	174178	198198	184184	464468	190190	186186	306306	214214
GBTT13	,	133135	166170	194200	327341	174178	113113	199221	310326	174178	196198	184184	000000	190198	186190	294298	214222
GBTT14	,	135135	166170	194200	341351	178178	113113	221221	310326	174174	196198	184184	460464	190190	186190	298306	214214
GBTT15	,	133135	170170	194200	349351	174174	113113	199221	306330	178178	198198	184184	464468	190190	186186	306306	214222
GBTT16	,	000000	000000	000000	349349	000000	000000	000000	000000	178178	196196	000000	000000	000000	000000	000000	222226
GBTT17	,	133135	170170	196200	349349	178178	113113	199219	310330	174174	196200	184184	468468	194194	186190	306306	214222
GBTT18	,	131131	170170	200200	327327	174178	113115	199221	322326	178178	198200	184184	480480	190190	186190	298306	214214
GBTT19	,	133135	170170	194194	327327	174174	113115	199199	326326	174178	196200	184184	000000	190190	186186	298298	214222
GBTT02	,	131133	166170	194200	327345	174178	113115	199221	322322	178178	198200	184184	000000	190190	186190	294306	214214
GBTT20	,	133135	170170	200200	327327	174178	113115	199199	326330	174174	194200	184184	000000	190190	186190	294294	214214
GBTT21	,	131135	166170	196200	327341	174178	113113	199221	310326	174174	198198	184184	000000	194194	190190	298306	214214
GBTT03	,	131133	166166	194196	327349	178180	113113	219221	310326	174182	198200	184184	000000	190194	190190	298306	214218
GBTT04	,	133135	170170	194200	349351	174178	113113	219221	306310	174178	196198	184184	000000	190194	186186	298306	214222
GBTT05	,	131135	170170	200200	327345	178178	113113	199199	306322	174178	196200	184184	000000	190194	186190	294298	214214
GBTT06	,	131131	166170	194196	327327	174174	113113	199221	322326	178178	198200	184184	000000	190190	186190	294298	214214
GBTT07	,	135135	170170	000000	327327	174174	000000	000000	000000	178178	198200	000000	000000	000000	186186	294298	222222
GBTT08	,	000000	000000	000000	333351	000000	000000	000000	000000	174174	200200	000000	000000	000000	000000	000000	214214
GBTT09	,	131131	170170	000000	345345	174178	000000	000000	000000	178178	200200	182182	000000	000000	186190	294306	214214
POP
GCR02	,	133133	172174	200200	337341	174174	113115	199199	326326	176176	196206	184184	000000	190194	190190	302302	214214
GCR04	,	133139	172174	200200	000000	174174	113119	199199	326326	000000	000000	184184	000000	186190	190190	302302	000000
GCR05	,	133139	172174	200200	337351	174176	113113	199199	318326	174176	206206	184184	000000	190190	190190	302302	214214
GCR06	,	133133	172174	200200	337337	174174	000000	199199	326326	174176	196200	184184	000000	186186	190190	302302	214214
GCR07	,	133139	166174	200200	337341	174174	115119	199223	326326	176182	196196	184184	448448	190194	190190	298302	214214
GCR08	,	133133	172174	200200	333349	174174	113119	199199	000000	174174	200200	184184	000000	186190	190190	302302	214214
GCR10	,	133133	170174	200200	337337	174176	000000	000000	000000	178182	196200	184184	000000	186194	190190	000000	214214
GCR11	,	133139	172172	200200	337349	174174	113115	199199	318330	174174	196206	184184	000000	190194	190190	302302	214214
GCR12	,	133133	172172	200200	333337	174178	000000	199199	326326	174176	196200	184184	000000	190194	190190	302302	214214
GCR13	,	133133	172174	200200	337341	174174	113115	000000	326326	176176	196206	184184	000000	190194	190190	302302	214214
GCR14	,	133139	170174	196200	337349	174174	113115	223223	326326	174176	196200	184184	000000	190190	190190	298302	214218
POP
BG01	,	135135	168170	194200	327349	178180	000000	199221	322326	000000	198200	184184	468468	190194	190190	306306	214222
BG05	,	131135	166166	193199	341341	178178	115115	199221	314330	174174	196198	184184	000000	190194	186190	298298	214218
BG06	,	131133	166166	193199	341353	174178	113115	199221	314330	174174	196196	184184	468468	190194	190190	294302	214218
BG07	,	131131	170170	199199	341351	174178	113115	199219	326326	174174	194198	184184	464468	190194	186190	294298	214214
BG08	,	131131	168170	196200	349351	174178	113113	221221	310326	182182	196198	184184	468468	190190	190190	298306	214214
BG09	,	133135	166170	199199	351353	174174	113113	199221	306322	174176	196198	184184	000000	190190	186190	306306	214218
POP
BVSE01	,	135139	166170	194196	000000	174178	107115	213221	322322	000000	000000	184184	000000	190206	186198	302306	000000
BVSE02	,	133139	170170	196196	333343	178178	107115	199213	322330	176178	196198	184184	472476	194194	186186	298298	218222
BVSE03	,	133133	166166	194200	341343	174174	107115	199199	334334	172176	196198	184184	472476	194206	186186	302302	206222
BVSE04	,	133133	170170	194196	351351	174178	107115	199213	326326	172172	196196	184184	000000	190206	186186	298306	206218
BVSE05	,	133133	166168	194194	341341	174174	107115	199213	334334	172172	196198	184184	472476	194206	186186	298302	206206
BVSE06	,	133139	166170	194194	333341	174174	107107	199199	322326	172176	196196	184184	472476	190194	186186	298298	214218
BVSE07	,	133139	166170	194200	000000	174178	107113	199213	322326	000000	000000	184184	472476	190206	186198	298298	000000
BVSE08	,	139139	166170	196200	335351	178178	107113	213219	322326	174178	196198	184184	472472	194206	186186	298302	214218
BVSE09	,	139139	166170	196200	000000	178178	107113	213213	322326	000000	000000	184184	000000	194206	186186	298302	000000
BVSE10	,	000000	000000	196202	343343	000000	107113	199217	322326	172178	196196	184184	472472	194194	000000	000000	214218
BVSE11	,	133133	170172	194202	335343	178178	107107	199213	326326	176178	196196	184184	448472	190190	186186	298302	206222
BVSE12	,	139139	170172	194194	333351	178178	115115	213219	330334	172176	196198	184184	476476	190194	186186	302302	214222
BVSE13	,	133139	168172	194194	333351	174178	107115	199213	326326	172178	196196	184184	468476	190206	186186	298298	206218
BVSE14	,	133139	170170	196196	341343	174178	113115	199221	326334	172174	198198	184184	472472	194194	186186	298298	218222
BVSE15	,	133133	170172	198202	333343	174178	107107	199217	326342	172176	196196	184184	472472	194206	186190	298302	206214
BVSE16	,	133139	170172	194196	333333	178178	107115	213219	318330	172178	196198	184184	000000	194194	186190	298306	206218
BVSE17	,	133139	166168	196202	333341	174174	113115	199213	326326	178178	196196	184184	000000	190194	186186	298302	206218
BVSE18	,	139139	166172	196200	343351	178178	113115	199219	318322	178178	196196	184184	472472	194206	186186	302306	214218
BVSE19	,	133137	166170	194200	341351	174174	107115	199199	322334	176178	196198	184184	472476	194206	186186	302302	206218
BVSE20	,	133139	168170	194200	333351	174174	113115	199217	322334	174178	196198	184184	448472	194206	186186	298302	218218
BVSE21	,	133133	170170	000000	333333	174178	000000	000000	000000	172182	196196	000000	000000	000000	186190	298302	206218
BVSE22	,	133139	166168	194194	333341	174178	115115	199213	326326	172178	196196	184184	000000	190206	186186	298298	206206
BVSE23	,	139139	168170	194196	343343	174174	107113	199217	318334	176178	196198	184184	000000	194194	186186	298306	206218
BVSE24	,	139139	166172	194196	333351	174174	107115	199219	326330	172174	196196	184184	476476	194206	186186	306306	214218
BVSE25	,	139139	166172	196202	343351	174174	107115	199199	322330	172172	196196	184184	000000	194206	186186	306306	214218
BVSE26	,	133139	166170	194196	343343	174174	113113	199217	318318	172178	196198	184184	000000	194206	186186	306306	206206
BVSE27	,	135139	166170	196200	343343	178178	107113	219219	318322	178178	196196	184184	000000	190206	186186	302306	218218
BVSE28	,	133139	168170	200200	333335	178178	107113	199217	326334	172172	196196	184184	000000	190194	186198	298306	214222
BVSE29	,	133139	166166	194196	343351	174178	107113	199199	318326	172176	196196	184184	468468	194206	186186	298306	206218
POP
EMSP01	,	137141	166170	000000	333333	174174	000000	000000	000000	178178	196200	000000	000000	000000	186186	290290	214222
EMSP02	,	137141	166166	192200	333335	174174	107107	217219	322326	178178	196200	184184	468468	190190	186186	290290	222222
EMSP03	,	137137	166170	200200	333335	174174	107107	221221	322326	178178	196196	184184	444444	190190	186186	290290	214222
EMSP04	,	137141	166170	192196	333333	174174	107111	215217	322326	178178	196196	184184	000000	190190	186186	290290	214222
EMSP05	,	137137	166166	200200	333333	174174	107115	215219	322326	178178	196196	184184	452460	190190	186186	290290	214214
EMSP06	,	137141	170170	192200	333333	174174	107115	219221	322326	178178	196196	184184	444444	190190	186186	290302	214222
EMSP07	,	137141	166170	196200	333333	174174	107115	215221	322326	178178	196196	184184	444444	190190	186186	290290	214222
EMSP08	,	137137	166170	192200	333333	174174	107115	219219	322326	178178	196196	184184	460468	190190	186186	290302	214222
EMSP09	,	137137	166166	192200	333333	174174	107107	215219	326330	178178	196196	184184	444448	190190	186186	290290	214222
EMSP10	,	137141	166166	200200	333333	174174	107107	219221	322330	178178	196196	184184	444460	190190	186186	290302	214222
EMSP11	,	137141	166170	200200	333333	174174	107115	219221	322334	174178	196196	184184	444444	190190	186186	290302	214214
EMSP12	,	137141	170170	196200	333333	174174	107107	215221	326326	176178	196196	184184	444444	190190	186186	290290	214222
EMSP13	,	137137	170170	200200	333333	174174	107115	219221	326334	174176	196196	184184	444460	190190	186186	290290	214214
EMSP14	,	137137	166170	200200	000000	174174	107107	215219	322326	000000	000000	184184	444452	190190	186186	290302	000000
EMSP15	,	137137	170170	200200	000000	174174	107107	219219	326330	000000	000000	184184	000000	190190	186186	290302	000000
